fecha	objective	metric	first_metric_only	boost_from_average	feature_pre_filter	verbosity	seed	max_depth	min_gain_to_split	lambda_l1	lambda_l2	max_bin	num_iterations	force_row_wise	learning_rate	feature_fraction	min_data_in_leaf	num_leaves	prob_corte	ganancia	iteracion
20220427 114302	binary	custom	TRUE	TRUE	FALSE	-100	999983	-1	0	0	0	31	52	TRUE	0.343618862681894	0.445111685206648	4749	13	0.0402315114348312	31172000	1
20220427 114358	binary	custom	TRUE	TRUE	FALSE	-100	999983	-1	0	0	0	31	104	TRUE	0.12451689624103	0.648113012178801	12509	15	0.0275356504818774	34670000	2
20220427 114449	binary	custom	TRUE	TRUE	FALSE	-100	999983	-1	0	0	0	31	38	TRUE	0.287701269468013	0.33773424888961	5538	25	0.0387959229274808	32287000	3
20220427 114519	binary	custom	TRUE	TRUE	FALSE	-100	999983	-1	0	0	0	31	51	TRUE	0.180139653838321	0.854821250109235	13858	7	0.0261303451678638	35143000	4
20220427 114625	binary	custom	TRUE	TRUE	FALSE	-100	999983	-1	0	0	0	31	139	TRUE	0.161202554296155	0.743039620586205	8367	24	0.00849198369008567	34370000	5
20220427 114653	binary	custom	TRUE	TRUE	FALSE	-100	999983	-1	0	0	0	31	38	TRUE	0.393800010728824	0.270110055686673	3084	12	0.0235169795763795	34130000	6
20220427 114743	binary	custom	TRUE	TRUE	FALSE	-100	999983	-1	0	0	0	31	71	TRUE	0.089544517901272	0.787629619844956	2541	21	0.0173891031498594	36429000	7
20220427 114821	binary	custom	TRUE	TRUE	FALSE	-100	999983	-1	0	0	0	31	25	TRUE	0.352149147540471	0.480074153536698	9885	18	0.0212715403530941	35983000	8
20220427 114855	binary	custom	TRUE	TRUE	FALSE	-100	999983	-1	0	0	0	31	55	TRUE	0.205760399247042	0.157019374336815	2245	17	0.0423042143685355	29969000	9
20220427 114920	binary	custom	TRUE	TRUE	FALSE	-100	999983	-1	0	0	0	31	40	TRUE	0.452935003804683	0.198110228527803	4428	6	0.0479775179284237	28423000	10
20220427 114945	binary	custom	TRUE	TRUE	FALSE	-100	999983	-1	0	0	0	31	87	TRUE	0.411178696907661	0.72544613839942	6256	3	0.0117199850807083	36063000	11
20220427 115025	binary	custom	TRUE	TRUE	FALSE	-100	999983	-1	0	0	0	31	25	TRUE	0.236064302135224	0.396218995263334	7259	30	0.0467446505921544	30934000	12
20220427 115203	binary	custom	TRUE	TRUE	FALSE	-100	999983	-1	0	0	0	31	108	TRUE	0.0438286911055679	0.514629109220114	206	22	0.0334550730331102	33279000	13
20220427 115234	binary	custom	TRUE	TRUE	FALSE	-100	999983	-1	0	0	0	31	28	TRUE	0.259808938892081	0.985331112598069	7889	29	0.0125664148828946	36056000	14
20220427 115411	binary	custom	TRUE	TRUE	FALSE	-100	999983	-1	0	0	0	31	174	TRUE	0.142074819048599	0.567610826513264	12880	9	0.0371558640676085	32855000	15
20220427 115436	binary	custom	TRUE	TRUE	FALSE	-100	999983	-1	0	0	0	31	68	TRUE	0.427311333286809	0.128742581391707	10716	3	0.0333092138404027	32915000	16
20220427 115600	binary	custom	TRUE	TRUE	FALSE	-100	999983	-1	0	0	0	31	120	TRUE	0.0678990127827041	0.280867967929225	9684	20	0.0157695584906226	37027000	17
20220427 115625	binary	custom	TRUE	TRUE	FALSE	-100	999983	-1	0	0	0	31	25	TRUE	0.494096357423265	0.908632657631533	14432	12	0.0192551045241999	35230000	18
20220427 115908	binary	custom	TRUE	TRUE	FALSE	-100	999983	-1	0	0	0	31	350	TRUE	0.0251145657589892	0.917940115717938	11950	27	0.0453750892018434	30821000	19
20220427 115932	binary	custom	TRUE	TRUE	FALSE	-100	999983	-1	0	0	0	31	36	TRUE	0.303067534644052	0.609548090588069	982	7	0.0303947204990739	31501000	20
20220427 120043	binary	custom	TRUE	TRUE	FALSE	-100	999983	-1	0	0	0	31	131	TRUE	0.0960802434144664	0.656837686021177	7860	14	0.0158896531669113	37085000	21
20220427 120122	binary	custom	TRUE	TRUE	FALSE	-100	999983	-1	0	0	0	31	21	TRUE	0.19893495869217	0.332857867655712	6533	21	0.0159424319155465	36179000	22
20220427 124636	binary	custom	TRUE	TRUE	FALSE	-100	999983	-1	0	0	0	31	7402	TRUE	0.00127397517381701	0.847100011271129	10040	15	0.0164974445859413	37110000	23
20220427 125612	binary	custom	TRUE	TRUE	FALSE	-100	999983	-1	0	0	0	31	1764	TRUE	0.0121206738381177	0.474571141141658	10088	2	0.0154385013847071	36086000	24
20220427 131856	binary	custom	TRUE	TRUE	FALSE	-100	999983	-1	0	0	0	31	2621	TRUE	0.00218311176328637	0.714568288251585	9692	27	0.0174022674251761	37045000	25
20220427 132012	binary	custom	TRUE	TRUE	FALSE	-100	999983	-1	0	0	0	31	131	TRUE	0.0621616263038479	0.76068620072987	9280	19	0.0159711637222669	37537000	26
20220427 132120	binary	custom	TRUE	TRUE	FALSE	-100	999983	-1	0	0	0	31	120	TRUE	0.0806355428039226	0.998053067852913	9039	20	0.0154268491183959	37333000	27
20220427 132159	binary	custom	TRUE	TRUE	FALSE	-100	999983	-1	0	0	0	31	49	TRUE	0.159169343577337	0.735869801802342	10208	20	0.015329627651184	36921000	28
20220428 144940	binary	custom	TRUE	TRUE	FALSE	-100	999983	-1	0	0	0	31	193	TRUE	0.0445072402803375	0.665346497967609	11723	19	0.0148715983272855	37269000	29
20220428 145410	binary	custom	TRUE	TRUE	FALSE	-100	999983	-1	0	0	0	31	547	TRUE	0.0143231334578434	0.700491218264084	9381	19	0.0150477177763703	37372000	30
20220428 145457	binary	custom	TRUE	TRUE	FALSE	-100	999983	-1	0	0	0	31	62	TRUE	0.113813526488729	0.826021077741549	9725	18	0.0154011768613886	37091000	31
20220428 155926	binary	custom	TRUE	TRUE	FALSE	-100	999983	-1	0	0	0	31	5726	TRUE	0.00146108951443548	0.543910138913193	9904	15	0.0139843322519789	37318000	32
20220428 162242	binary	custom	TRUE	TRUE	FALSE	-100	999983	-1	0	0	0	31	2692	TRUE	0.00170589282371934	0.989726801062187	4707	14	0.0136838207273367	36525000	33
20220428 172917	binary	custom	TRUE	TRUE	FALSE	-100	999983	-1	0	0	0	31	9153	TRUE	0.00158193060578683	0.568441613886281	10506	19	0.0153702266552364	37460000	34
20220428 222218	binary	custom	TRUE	TRUE	FALSE	-100	999983	-1	0	0	0	31	6027	TRUE	0.0019044500839255	0.532833515267999	10875	18	0.0198671112637609	36694000	35
20220428 232250	binary	custom	TRUE	TRUE	FALSE	-100	999983	-1	0	0	0	31	5628	TRUE	0.00161803329649998	0.515209848400276	10882	30	0.0146577984797143	37374000	36
20220429 003012	binary	custom	TRUE	TRUE	FALSE	-100	999983	-1	0	0	0	31	6225	TRUE	0.00136159403644075	0.55401362049073	10803	24	0.014708807627192	37343000	37
20220429 013451	binary	custom	TRUE	TRUE	FALSE	-100	999983	-1	0	0	0	31	9428	TRUE	0.00158349650533711	0.463606338903893	14487	30	0.0153177169360661	37211000	38
20220429 024313	binary	custom	TRUE	TRUE	FALSE	-100	999983	-1	0	0	0	31	8048	TRUE	0.00111486173973687	0.51943161515419	12417	30	0.0156292058598405	37171000	39
20220429 033824	binary	custom	TRUE	TRUE	FALSE	-100	999983	-1	0	0	0	31	6438	TRUE	0.00173730866334672	0.363628402613618	14668	17	0.0147000294152743	37197000	40
20220429 043113	binary	custom	TRUE	TRUE	FALSE	-100	999983	-1	0	0	0	31	7995	TRUE	0.00112237102949011	0.266258658778867	14935	30	0.0128436347137136	36391000	41
20220429 050457	binary	custom	TRUE	TRUE	FALSE	-100	999983	-1	0	0	0	31	3008	TRUE	0.00122708384093233	0.727673732441116	950	30	0.0147548256353078	37164000	42
20220429 052333	binary	custom	TRUE	TRUE	FALSE	-100	999983	-1	0	0	0	31	1707	TRUE	0.00247976243474227	0.567367961170818	0	14	0.014252986003801	36586000	43
20220429 052350	binary	custom	TRUE	TRUE	FALSE	-100	999983	-1	0	0	0	31	1	TRUE	0.477966629015888	0.710053925803276	29	30	0.0136053506435212	30529000	44
20220429 052421	binary	custom	TRUE	TRUE	FALSE	-100	999983	-1	0	0	0	31	43	TRUE	0.295085851781762	0.978173291154673	14991	9	0.0148227732046952	36453000	45
20220429 063303	binary	custom	TRUE	TRUE	FALSE	-100	999983	-1	0	0	0	31	4744	TRUE	0.00102293414143063	0.429370808023475	5663	30	0.015185776020317	37018000	46
20220429 063340	binary	custom	TRUE	TRUE	FALSE	-100	999983	-1	0	0	0	31	125	TRUE	0.384194057532043	0.139441381254346	10928	2	0.0145745542917502	36691000	47
20220429 063441	binary	custom	TRUE	TRUE	FALSE	-100	999983	-1	0	0	0	31	69	TRUE	0.266390155524807	0.519456002385282	10238	11	0.0148389543487065	36440000	48
20220429 063722	binary	custom	TRUE	TRUE	FALSE	-100	999983	-1	0	0	0	31	317	TRUE	0.0193989521074157	0.970521041339534	14941	30	0.0147979735106405	36527000	49
20220429 063752	binary	custom	TRUE	TRUE	FALSE	-100	999983	-1	0	0	0	31	140	TRUE	0.377995055068304	0.999455694010233	9818	2	0.016869847268114	36380000	50
20220429 063934	binary	custom	TRUE	TRUE	FALSE	-100	999983	-1	0	0	0	31	134	TRUE	0.087950627652982	0.52606294176753	14997	19	0.0163323397366124	37141000	51
20220429 064032	binary	custom	TRUE	TRUE	FALSE	-100	999983	-1	0	0	0	31	146	TRUE	0.410259753905192	0.492435790811145	14995	2	0.012887764641194	36109000	52
20220429 064104	binary	custom	TRUE	TRUE	FALSE	-100	999983	-1	0	0	0	31	52	TRUE	0.371656627022807	0.109450784122296	14996	9	0.0196067336639771	34960000	53
20220429 064213	binary	custom	TRUE	TRUE	FALSE	-100	999983	-1	0	0	0	31	334	TRUE	0.499730749055708	0.100392035330195	9375	2	0.0111782091874167	35842000	54
20220429 064334	binary	custom	TRUE	TRUE	FALSE	-100	999983	-1	0	0	0	31	145	TRUE	0.0674094049824147	0.670603761867087	9086	30	0.0152957551281977	37318000	55
20220429 064406	binary	custom	TRUE	TRUE	FALSE	-100	999983	-1	0	0	0	31	41	TRUE	0.24505286311697	0.999708239009019	14960	30	0.0220187383829531	36299000	56
20220429 064436	binary	custom	TRUE	TRUE	FALSE	-100	999983	-1	0	0	0	31	34	TRUE	0.374649089483998	0.995762366464892	11107	15	0.0140284269756503	36213000	57
