fecha	objective	metric	first_metric_only	boost_from_average	feature_pre_filter	verbosity	seed	max_depth	min_gain_to_split	lambda_l1	lambda_l2	max_bin	num_iterations	force_row_wise	learning_rate	feature_fraction	min_data_in_leaf	num_leaves	prob_corte	ganancia	iteracion
20220418 005137	binary	custom	TRUE	TRUE	FALSE	-100	999983	-1	0	0	0	31	29	TRUE	0.242326516922051	0.710704767232528	11047	7	0.0310259637961281	10825000	1
20220418 005216	binary	custom	TRUE	TRUE	FALSE	-100	999983	-1	0	0	0	31	39	TRUE	0.176990159859869	0.452005110902246	8641	14	0.0149802663766119	12968000	2
20220418 005239	binary	custom	TRUE	TRUE	FALSE	-100	999983	-1	0	0	0	31	32	TRUE	0.309166897554148	0.205489128533518	2826	19	0.0318247425302009	10702000	3
20220418 005317	binary	custom	TRUE	TRUE	FALSE	-100	999983	-1	0	0	0	31	71	TRUE	0.111610061071499	0.237456609378569	12009	10	0.0254320719327855	12199000	4
20220418 005643	binary	custom	TRUE	TRUE	FALSE	-100	999983	-1	0	0	0	31	629	TRUE	0.01054087413284	0.674305528224213	5955	12	0.0208577673974408	12775000	5
20220418 005720	binary	custom	TRUE	TRUE	FALSE	-100	999983	-1	0	0	0	31	54	TRUE	0.1361629983166	0.635717943779891	9631	23	0.0430499811385137	8821000	6
20220418 005738	binary	custom	TRUE	TRUE	FALSE	-100	999983	-1	0	0	0	31	20	TRUE	0.398504333974363	0.384187138994457	8049	5	0.0207585057646308	12927000	7
20220418 005801	binary	custom	TRUE	TRUE	FALSE	-100	999983	-1	0	0	0	31	6	TRUE	0.333707731244247	0.572209550605621	7011	18	0.0352039933893442	10794000	8
20220418 005836	binary	custom	TRUE	TRUE	FALSE	-100	999983	-1	0	0	0	31	42	TRUE	0.271451204157062	0.32425503085251	3860	28	0.0485642889567923	7091000	9
20220418 005854	binary	custom	TRUE	TRUE	FALSE	-100	999983	-1	0	0	0	31	8	TRUE	0.468976823089807	0.981613146380987	3232	26	0.0281110565677712	10092000	10
20220418 005935	binary	custom	TRUE	TRUE	FALSE	-100	999983	-1	0	0	0	31	55	TRUE	0.0389546383225592	0.949404691907112	1053	15	0.0138746831313862	13219000	11
20220418 010017	binary	custom	TRUE	TRUE	FALSE	-100	999983	-1	0	0	0	31	85	TRUE	0.215574789096892	0.340641442193883	13948	21	0.0371908919512255	9682000	12
20220418 010053	binary	custom	TRUE	TRUE	FALSE	-100	999983	-1	0	0	0	31	46	TRUE	0.171876164364535	0.504144137854455	324	25	0.0100376893649809	11310000	13
20220418 010111	binary	custom	TRUE	TRUE	FALSE	-100	999983	-1	0	0	0	31	27	TRUE	0.449592442444537	0.780238897416275	14611	24	0.0473386753175873	6966000	14
20220418 010127	binary	custom	TRUE	TRUE	FALSE	-100	999983	-1	0	0	0	31	9	TRUE	0.408856494014931	0.545952359596267	2193	3	0.0376797932816165	10968000	15
20220418 010220	binary	custom	TRUE	TRUE	FALSE	-100	999983	-1	0	0	0	31	158	TRUE	0.0740530229117605	0.150155612091767	4782	16	0.0229591484244641	12394000	16
20220418 010238	binary	custom	TRUE	TRUE	FALSE	-100	999983	-1	0	0	0	31	57	TRUE	0.277292106631712	0.848146940983133	11447	4	0.0168622610440555	13091000	17
20220418 010259	binary	custom	TRUE	TRUE	FALSE	-100	999983	-1	0	0	0	31	36	TRUE	0.361088502933912	0.76204139157664	10413	29	0.0116065772885728	11625000	18
20220418 010322	binary	custom	TRUE	TRUE	FALSE	-100	999983	-1	0	0	0	31	58	TRUE	0.481184867611353	0.103067860096926	12871	8	0.0416604536105297	8487000	19
20220418 010349	binary	custom	TRUE	TRUE	FALSE	-100	999983	-1	0	0	0	31	54	TRUE	0.0992983716076589	0.889142487036297	6240	10	0.044395053217401	8682000	20
20220418 010428	binary	custom	TRUE	TRUE	FALSE	-100	999983	-1	0	0	0	31	255	TRUE	0.0827462393190351	0.943309733714782	3393	2	0.015543089422198	13316000	21
20220418 010600	binary	custom	TRUE	TRUE	FALSE	-100	999983	-1	0	0	0	31	426	TRUE	0.0250145978289385	0.79409727512192	546	7	0.0164547589248023	13417000	22
20220418 010616	binary	custom	TRUE	TRUE	FALSE	-100	999983	-1	0	0	0	31	19	TRUE	0.212870812514068	0.9182045659352	1598	10	0.0164737994941448	12579000	23
20220418 013642	binary	custom	TRUE	TRUE	FALSE	-100	999983	-1	0	0	0	31	8343	TRUE	0.00199976843762255	0.461330360355015	8968	2	0.0164594416260984	12908000	24
20220418 015259	binary	custom	TRUE	TRUE	FALSE	-100	999983	-1	0	0	0	31	9857	TRUE	0.00140872365242242	0.825106957766407	839	2	0.014357562551458	12464000	25
20220418 015351	binary	custom	TRUE	TRUE	FALSE	-100	999983	-1	0	0	0	31	129	TRUE	0.0610337072401385	0.92864983518406	3507	16	0.0168413533094294	12809000	26
20220418 015431	binary	custom	TRUE	TRUE	FALSE	-100	999983	-1	0	0	0	31	124	TRUE	0.0968556598606406	0.616405515419774	6311	6	0.0161400051360873	13410000	27
20220418 015518	binary	custom	TRUE	TRUE	FALSE	-100	999983	-1	0	0	0	31	175	TRUE	0.0540554017065311	0.996370027194316	3426	7	0.0159621131129125	13561000	28
20220418 015541	binary	custom	TRUE	TRUE	FALSE	-100	999983	-1	0	0	0	31	41	TRUE	0.144919111076612	0.271482138881561	8869	3	0.0197852622174681	13102000	29
20220418 015607	binary	custom	TRUE	TRUE	FALSE	-100	999983	-1	0	0	0	31	59	TRUE	0.0885870219583695	0.995683585997489	9066	6	0.0155779663940435	13203000	30
20220418 015658	binary	custom	TRUE	TRUE	FALSE	-100	999983	-1	0	0	0	31	270	TRUE	0.0628827481612705	0.965203143648773	3493	4	0.0185552890192563	12762000	31
20220418 015830	binary	custom	TRUE	TRUE	FALSE	-100	999983	-1	0	0	0	31	194	TRUE	0.0327206387100125	0.466244209871269	2811	10	0.0156834551971431	13542000	32
20220418 015902	binary	custom	TRUE	TRUE	FALSE	-100	999983	-1	0	0	0	31	169	TRUE	0.364618527098489	0.108054617817284	10451	2	0.015800575070689	13005000	33
20220418 015923	binary	custom	TRUE	TRUE	FALSE	-100	999983	-1	0	0	0	31	37	TRUE	0.298463595546098	0.109257681207019	14435	7	0.0203090118827725	12572000	34
20220418 020024	binary	custom	TRUE	TRUE	FALSE	-100	999983	-1	0	0	0	31	206	TRUE	0.037561936502515	0.764279835112915	3020	9	0.0156115971775462	13397000	35
20220418 020115	binary	custom	TRUE	TRUE	FALSE	-100	999983	-1	0	0	0	31	165	TRUE	0.0582259309285241	0.173012665799485	3193	7	0.0162312759679658	13611000	36
20220418 021725	binary	custom	TRUE	TRUE	FALSE	-100	999983	-1	0	0	0	31	4238	TRUE	0.00443058939571909	0.202134902470212	10	13	0.0160045026377402	13426000	37
20220418 021841	binary	custom	TRUE	TRUE	FALSE	-100	999983	-1	0	0	0	31	224	TRUE	0.0545187237505608	0.376636744007576	2414	7	0.0162162828617653	13753000	38
20220418 021855	binary	custom	TRUE	TRUE	FALSE	-100	999983	-1	0	0	0	31	29	TRUE	0.499115269085074	0.999246811846506	11522	4	0.0152216901990618	12229000	39
20220418 021950	binary	custom	TRUE	TRUE	FALSE	-100	999983	-1	0	0	0	31	162	TRUE	0.0759062411970268	0.355320320569295	191	7	0.0159951277436899	13245000	40
20220418 023608	binary	custom	TRUE	TRUE	FALSE	-100	999983	-1	0	0	0	31	2775	TRUE	0.00232161948394986	0.351827133419365	2428	7	0.0167196730004698	13546000	41
20220418 023848	binary	custom	TRUE	TRUE	FALSE	-100	999983	-1	0	0	0	31	506	TRUE	0.0234664216451859	0.211230691122328	1991	19	0.015879481047723	13466000	42
20220418 023938	binary	custom	TRUE	TRUE	FALSE	-100	999983	-1	0	0	0	31	203	TRUE	0.221141962998109	0.568789883798625	9994	2	0.022401333291166	12829000	43
20220418 024021	binary	custom	TRUE	TRUE	FALSE	-100	999983	-1	0	0	0	31	129	TRUE	0.158130708708106	0.370564721201215	14038	5	0.0161274951411854	12859000	44
20220418 024123	binary	custom	TRUE	TRUE	FALSE	-100	999983	-1	0	0	0	31	119	TRUE	0.0447001082582894	0.325324949870295	2110	13	0.0162712676699444	13497000	45
20220418 030453	binary	custom	TRUE	TRUE	FALSE	-100	999983	-1	0	0	0	31	3872	TRUE	0.00164221259553629	0.221808146797723	2267	17	0.0136175290836235	13446000	46
20220418 034127	binary	custom	TRUE	TRUE	FALSE	-100	999983	-1	0	0	0	31	7019	TRUE	0.00121646240118716	0.192875248974785	32	30	0.0141107426231873	13046000	47
20220418 034814	binary	custom	TRUE	TRUE	FALSE	-100	999983	-1	0	0	0	31	1490	TRUE	0.0124408367258855	0.178677524462142	10127	24	0.0139456596509072	13215000	48
20220418 034858	binary	custom	TRUE	TRUE	FALSE	-100	999983	-1	0	0	0	31	172	TRUE	0.244846099222847	0.382924246710258	7356	2	0.0162650775760934	12975000	49
20220418 035027	binary	custom	TRUE	TRUE	FALSE	-100	999983	-1	0	0	0	31	175	TRUE	0.0459100944112871	0.358693020044614	11485	23	0.0207639661886955	12868000	50
20220418 035133	binary	custom	TRUE	TRUE	FALSE	-100	999983	-1	0	0	0	31	202	TRUE	0.0476962932217127	0.241344369007123	10495	7	0.0213890425852066	13154000	51
20220418 035237	binary	custom	TRUE	TRUE	FALSE	-100	999983	-1	0	0	0	31	112	TRUE	0.0604693462024707	0.313011004230114	10826	15	0.0122703936403664	12991000	52
20220418 035524	binary	custom	TRUE	TRUE	FALSE	-100	999983	-1	0	0	0	31	623	TRUE	0.0226267004403541	0.100949808035404	10339	16	0.0161632720830107	12821000	53
20220418 042124	binary	custom	TRUE	TRUE	FALSE	-100	999983	-1	0	0	0	31	1559	TRUE	0.00116667595684216	0.454686573553489	968	22	0.0146598819085215	13720000	54
20220418 044723	binary	custom	TRUE	TRUE	FALSE	-100	999983	-1	0	0	0	31	2120	TRUE	0.001470782818071	0.509301592125558	2289	23	0.0134569650402043	13419000	55
20220418 052001	binary	custom	TRUE	TRUE	FALSE	-100	999983	-1	0	0	0	31	6090	TRUE	0.00130937469274565	0.179863513397119	128	22	0.0144641476865464	13148000	56
20220418 055121	binary	custom	TRUE	TRUE	FALSE	-100	999983	-1	0	0	0	31	4595	TRUE	0.00128749493309057	0.744334825782554	1416	29	0.0152172369434646	13363000	57
20220418 055546	binary	custom	TRUE	TRUE	FALSE	-100	999983	-1	0	0	0	31	792	TRUE	0.00894338067319356	0.700528915395992	11292	20	0.0142119107191146	13383000	58
20220418 061735	binary	custom	TRUE	TRUE	FALSE	-100	999983	-1	0	0	0	31	1910	TRUE	0.00168773765580097	0.506289199905604	1984	20	0.0148351975530861	13689000	59
20220418 061858	binary	custom	TRUE	TRUE	FALSE	-100	999983	-1	0	0	0	31	142	TRUE	0.0517531306609131	0.475291779135847	14444	30	0.0143431186826555	13040000	60
20220418 061925	binary	custom	TRUE	TRUE	FALSE	-100	999983	-1	0	0	0	31	34	TRUE	0.295429956788814	0.347277980270823	14864	20	0.0138905718525143	12790000	61
20220418 062104	binary	custom	TRUE	TRUE	FALSE	-100	999983	-1	0	0	0	31	252	TRUE	0.0290371511852773	0.435636740558863	2737	6	0.0161219909806998	13577000	62
20220418 062130	binary	custom	TRUE	TRUE	FALSE	-100	999983	-1	0	0	0	31	26	TRUE	0.336567940806816	0.541259099475115	10853	7	0.0127019865488925	12611000	63
20220418 070406	binary	custom	TRUE	TRUE	FALSE	-100	999983	-1	0	0	0	31	4676	TRUE	0.00103047856450888	0.459855392582998	813	25	0.016420300355657	13316000	64
20220418 073244	binary	custom	TRUE	TRUE	FALSE	-100	999983	-1	0	0	0	31	3041	TRUE	0.00182895625346715	0.447744389343587	8042	30	0.0142446158655733	13319000	65
20220418 073341	binary	custom	TRUE	TRUE	FALSE	-100	999983	-1	0	0	0	31	80	TRUE	0.0839101264433732	0.460228734753971	11121	22	0.0142955553723295	13068000	66
20220418 081809	binary	custom	TRUE	TRUE	FALSE	-100	999983	-1	0	0	0	31	9030	TRUE	0.00125682897848172	0.443939239323164	14964	23	0.0110338007806566	12527000	67
20220418 081835	binary	custom	TRUE	TRUE	FALSE	-100	999983	-1	0	0	0	31	23	TRUE	0.395180579351241	0.381911097321493	11405	15	0.016851509503311	13183000	68
20220418 081854	binary	custom	TRUE	TRUE	FALSE	-100	999983	-1	0	0	0	31	21	TRUE	0.333538930209649	0.701254837959171	11915	19	0.0209466846672137	12805000	69
20220418 081929	binary	custom	TRUE	TRUE	FALSE	-100	999983	-1	0	0	0	31	166	TRUE	0.394045048846263	0.600640844932079	14414	2	0.0178687879388671	13013000	70
20220418 084844	binary	custom	TRUE	TRUE	FALSE	-100	999983	-1	0	0	0	31	8137	TRUE	0.00148610997928318	0.991856698811668	14999	21	0.022734415831225	12596000	71
20220418 091550	binary	custom	TRUE	TRUE	FALSE	-100	999983	-1	0	0	0	31	5635	TRUE	0.00148665122331162	0.268827870357765	987	8	0.021826447039413	13041000	72
20220418 091609	binary	custom	TRUE	TRUE	FALSE	-100	999983	-1	0	0	0	31	12	TRUE	0.427889752437357	0.208414108307109	14999	30	0.0187353588621199	12497000	73
20220418 093924	binary	custom	TRUE	TRUE	FALSE	-100	999983	-1	0	0	0	31	3847	TRUE	0.00133435556150455	0.992359887423202	12821	27	0.0156377135054872	13555000	74
20220418 095448	binary	custom	TRUE	TRUE	FALSE	-100	999983	-1	0	0	0	31	2704	TRUE	0.00221583845559285	0.952092405986292	12205	30	0.013512094102558	13350000	75
20220418 095508	binary	custom	TRUE	TRUE	FALSE	-100	999983	-1	0	0	0	31	24	TRUE	0.21949582002406	0.998339453056751	14811	26	0.0162242552888849	12749000	76
20220418 102505	binary	custom	TRUE	TRUE	FALSE	-100	999983	-1	0	0	0	31	9228	TRUE	0.0010304149802761	0.890330948416382	13232	30	0.0197624779110251	12996000	77
20220418 102523	binary	custom	TRUE	TRUE	FALSE	-100	999983	-1	0	0	0	31	20	TRUE	0.375679296340326	0.965070582170709	14992	15	0.0160052794170617	12831000	78
20220418 102544	binary	custom	TRUE	TRUE	FALSE	-100	999983	-1	0	0	0	31	20	TRUE	0.499841995457728	0.279268587365231	14959	16	0.0197549154051768	12439000	79
20220418 102650	binary	custom	TRUE	TRUE	FALSE	-100	999983	-1	0	0	0	31	190	TRUE	0.0554934632755641	0.318491639809486	5309	7	0.0158800797127232	13674000	80
20220418 104837	binary	custom	TRUE	TRUE	FALSE	-100	999983	-1	0	0	0	31	3115	TRUE	0.00140911679862338	0.958753333014572	9762	23	0.0156027022961257	13401000	81
20220418 111315	binary	custom	TRUE	TRUE	FALSE	-100	999983	-1	0	0	0	31	4176	TRUE	0.00119294181200225	0.949711841451085	14538	24	0.0146472453493604	12989000	82
20220418 113211	binary	custom	TRUE	TRUE	FALSE	-100	999983	-1	0	0	0	31	2839	TRUE	0.00162202933542091	0.665384414299808	11690	28	0.0156674120111847	13466000	83
20220418 113310	binary	custom	TRUE	TRUE	FALSE	-100	999983	-1	0	0	0	31	152	TRUE	0.0537043409779423	0.305416468931641	6331	7	0.00834277736278232	11137000	84
20220418 120455	binary	custom	TRUE	TRUE	FALSE	-100	999983	-1	0	0	0	31	8154	TRUE	0.00102959001970223	0.998017098675002	10605	29	0.0248442793640497	12115000	85
20220418 120551	binary	custom	TRUE	TRUE	FALSE	-100	999983	-1	0	0	0	31	123	TRUE	0.059111334473826	0.396288412703481	3299	7	0.0167001037549732	13323000	86
20220418 120613	binary	custom	TRUE	TRUE	FALSE	-100	999983	-1	0	0	0	31	38	TRUE	0.13928700676274	0.999970509041793	11976	7	0.0209825928482993	12925000	87
20220418 122921	binary	custom	TRUE	TRUE	FALSE	-100	999983	-1	0	0	0	31	9967	TRUE	0.00103886050611052	0.178014232215796	7090	2	0.0235452430197571	11654000	88
20220418 122940	binary	custom	TRUE	TRUE	FALSE	-100	999983	-1	0	0	0	31	24	TRUE	0.444697877343868	0.277381785371051	5447	7	0.0155058694305027	12331000	89
20220418 123006	binary	custom	TRUE	TRUE	FALSE	-100	999983	-1	0	0	0	31	20	TRUE	0.342058172166764	0.569145839940217	12311	8	0.015975159058393	12611000	90
20220418 123023	binary	custom	TRUE	TRUE	FALSE	-100	999983	-1	0	0	0	31	13	TRUE	0.406722909317068	0.999627222432761	10164	7	0.0188538769345757	12485000	91
20220418 123148	binary	custom	TRUE	TRUE	FALSE	-100	999983	-1	0	0	0	31	313	TRUE	0.0523323104944932	0.305705283004077	2069	5	0.0157837574405024	13544000	92
20220418 123212	binary	custom	TRUE	TRUE	FALSE	-100	999983	-1	0	0	0	31	55	TRUE	0.481657847725044	0.102184073574003	11279	17	0.013264312101949	11791000	93
20220418 123330	binary	custom	TRUE	TRUE	FALSE	-100	999983	-1	0	0	0	31	268	TRUE	0.0598661740441127	0.271441633760017	7520	7	0.0137873561277724	13174000	94
20220418 123401	binary	custom	TRUE	TRUE	FALSE	-100	999983	-1	0	0	0	31	210	TRUE	0.233540012065863	0.912430014054139	14993	2	0.0117818216126002	12385000	95
20220418 123422	binary	custom	TRUE	TRUE	FALSE	-100	999983	-1	0	0	0	31	33	TRUE	0.400104502644705	0.10069180989456	10013	16	0.0223429520267916	11764000	96
20220418 123439	binary	custom	TRUE	TRUE	FALSE	-100	999983	-1	0	0	0	31	14	TRUE	0.428033546274188	0.928883274500256	12496	22	0.0173517315065625	12639000	97
20220418 125143	binary	custom	TRUE	TRUE	FALSE	-100	999983	-1	0	0	0	31	2437	TRUE	0.0016607087497627	0.756083153036013	779	21	0.0156785138810556	13074000	98
20220418 131227	binary	custom	TRUE	TRUE	FALSE	-100	999983	-1	0	0	0	31	1798	TRUE	0.00177562021975971	0.39579708986763	1830	26	0.0148805539099671	13604000	99
20220418 131301	binary	custom	TRUE	TRUE	FALSE	-100	999983	-1	0	0	0	31	221	TRUE	0.12852534133161	0.976454054207386	6548	2	0.016331957943608	13335000	100
20220418 131351	binary	custom	TRUE	TRUE	FALSE	-100	999983	-1	0	0	0	31	378	TRUE	0.096072570627387	0.676394483752721	14977	2	0.0207005301667523	12576000	101
20220418 132608	binary	custom	TRUE	TRUE	FALSE	-100	999983	-1	0	0	0	31	1341	TRUE	0.00243556158459396	0.96576303523138	624	30	0.0214805680917871	12773000	102
20220418 135358	binary	custom	TRUE	TRUE	FALSE	-100	999983	-1	0	0	0	31	4371	TRUE	0.00113656345300713	0.992133385944603	10908	30	0.0162534614848207	13308000	103
20220418 135424	binary	custom	TRUE	TRUE	FALSE	-100	999983	-1	0	0	0	31	37	TRUE	0.139231527617355	0.915691044303559	12044	28	0.0215864871403804	12515000	104
20220418 143455	binary	custom	TRUE	TRUE	FALSE	-100	999983	-1	0	0	0	31	6356	TRUE	0.00103144155328949	0.37852826133027	4981	18	0.0145256728560571	13557000	105
20220418 151508	binary	custom	TRUE	TRUE	FALSE	-100	999983	-1	0	0	0	31	6945	TRUE	0.00100282197634659	0.276599576028282	384	30	0.0206104158186851	13135000	106
20220418 154928	binary	custom	TRUE	TRUE	FALSE	-100	999983	-1	0	0	0	31	4087	TRUE	0.0010058643425732	0.339312076306798	1618	17	0.0149929071628552	13734000	107
20220418 162132	binary	custom	TRUE	TRUE	FALSE	-100	999983	-1	0	0	0	31	5891	TRUE	0.00139237224075294	0.228143707126974	849	18	0.0200117550318161	13289000	108
20220418 162157	binary	custom	TRUE	TRUE	FALSE	-100	999983	-1	0	0	0	31	40	TRUE	0.241754885869961	0.99879812966448	10229	17	0.013010586996709	12218000	109
20220418 162213	binary	custom	TRUE	TRUE	FALSE	-100	999983	-1	0	0	0	31	32	TRUE	0.47494079697295	0.192134971636244	10702	2	0.0182487343021035	12923000	110
20220418 162237	binary	custom	TRUE	TRUE	FALSE	-100	999983	-1	0	0	0	31	84	TRUE	0.38706626991734	0.178765731158174	14997	2	0.01089061339438	11857000	111
20220418 162259	binary	custom	TRUE	TRUE	FALSE	-100	999983	-1	0	0	0	31	31	TRUE	0.282628743565812	0.637064655095399	14986	18	0.0184298333833018	12863000	112
20220418 162325	binary	custom	TRUE	TRUE	FALSE	-100	999983	-1	0	0	0	31	18	TRUE	0.30706889634591	0.385359544601139	1137	30	0.0199169491107471	10969000	113
20220418 170159	binary	custom	TRUE	TRUE	FALSE	-100	999983	-1	0	0	0	31	4799	TRUE	0.00107923309850877	0.38888727638219	673	22	0.0219014220369415	13100000	114
20220418 170249	binary	custom	TRUE	TRUE	FALSE	-100	999983	-1	0	0	0	31	205	TRUE	0.0598104443752928	0.888956880055567	1996	7	0.0161547142134144	13672000	115
20220418 170309	binary	custom	TRUE	TRUE	FALSE	-100	999983	-1	0	0	0	31	17	TRUE	0.392035553108478	0.246672940627494	14999	21	0.0165640019843983	12633000	116
20220418 170338	binary	custom	TRUE	TRUE	FALSE	-100	999983	-1	0	0	0	31	43	TRUE	0.184020131534473	0.367756317564302	10341	9	0.0209506888112828	12484000	117
20220418 170356	binary	custom	TRUE	TRUE	FALSE	-100	999983	-1	0	0	0	31	81	TRUE	0.356519516937503	0.872165425405832	13756	2	0.0216995464800906	12762000	118
20220418 171454	binary	custom	TRUE	TRUE	FALSE	-100	999983	-1	0	0	0	31	1180	TRUE	0.00335704181698239	0.407754194197813	1607	18	0.014567185143315	13569000	119
20220418 171528	binary	custom	TRUE	TRUE	FALSE	-100	999983	-1	0	0	0	31	99	TRUE	0.0565885221694197	0.996505314289829	176	7	0.0218538580825631	12441000	120
