cp	min_split	minbucket	max_depth	ganancia_promedio
-1	0	0	2	7959333
-1	0	0	3	8798667
-1	0	0	4	8458667
-1	0	0	5	8499333
-1	0	0	6	8936000
-1	0	0	7	8780000
-1	0	0	8	8847333
-1	0	0	9	9082000
-1	0	0	10	9831333
-1	0	50	2	7959333
-1	0	50	3	9152667
-1	0	50	4	9214000
-1	0	50	5	9543333
-1	0	50	6	10012667
-1	0	50	7	9272667
-1	0	50	8	8674667
-1	0	50	9	7320667
-1	0	50	10	6910000
-1	0	100	2	7959333
-1	0	100	3	9152667
-1	0	100	4	9229333
-1	0	100	5	9398000
-1	0	100	6	10054000
-1	0	100	7	8904000
-1	0	100	8	8488000
-1	0	100	9	8008667
-1	0	100	10	7810000
-1	0	150	2	7959333
-1	0	150	3	9122000
-1	0	150	4	9641333
-1	0	150	5	9430667
-1	0	150	6	10105333
-1	0	150	7	9316000
-1	0	150	8	9138667
-1	0	150	9	9026667
-1	0	150	10	8276000
-1	0	200	2	7959333
-1	0	200	3	9152000
-1	0	200	4	9733333
-1	0	200	5	9778000
-1	0	200	6	10423333
-1	0	200	7	10052000
-1	0	200	8	9668000
-1	0	200	9	9211333
-1	0	200	10	9087333
-1	0	250	2	7959333
-1	0	250	3	9152000
-1	0	250	4	9830000
-1	0	250	5	10016667
-1	0	250	6	10330667
-1	0	250	7	10105333
-1	0	250	8	9690000
-1	0	250	9	9652667
-1	0	250	10	9728000
-1	0	300	2	7959333
-1	0	300	3	9151333
-1	0	300	4	9786667
-1	0	300	5	10121333
-1	0	300	6	10174667
-1	0	300	7	10210000
-1	0	300	8	10034000
-1	0	300	9	9966667
-1	0	300	10	9966667
-1	0	350	2	7959333
-1	0	350	3	9151333
-1	0	350	4	9752000
-1	0	350	5	9643333
-1	0	350	6	9999333
-1	0	350	7	9796667
-1	0	350	8	9670667
-1	0	350	9	9654667
-1	0	350	10	9565333
-1	0	400	2	7959333
-1	0	400	3	9010000
-1	0	400	4	9862667
-1	0	400	5	10292667
-1	0	400	6	10456000
-1	0	400	7	10142667
-1	0	400	8	10012667
-1	0	400	9	10012667
-1	0	400	10	10012667
-1	0	450	2	7959333
-1	0	450	3	9010000
-1	0	450	4	9874667
-1	0	450	5	10456000
-1	0	450	6	10401333
-1	0	450	7	10102667
-1	0	450	8	10102667
-1	0	450	9	10102667
-1	0	450	10	10102667
-1	0	500	2	7959333
-1	0	500	3	9010000
-1	0	500	4	9964667
-1	0	500	5	10599333
-1	0	500	6	10790000
-1	0	500	7	10376000
-1	0	500	8	10376000
-1	0	500	9	10376000
-1	0	500	10	10376000
-1	100	0	2	7959333
-1	100	0	3	8798667
-1	100	0	4	8458667
-1	100	0	5	8498667
-1	100	0	6	8927333
-1	100	0	7	8762000
-1	100	0	8	8832667
-1	100	0	9	9034667
-1	100	0	10	9838667
-1	100	50	2	7959333
-1	100	50	3	9152667
-1	100	50	4	9214000
-1	100	50	5	9543333
-1	100	50	6	10012667
-1	100	50	7	9272667
-1	100	50	8	8674667
-1	100	50	9	7320667
-1	100	50	10	6910000
-1	100	100	2	7959333
-1	100	100	3	9152667
-1	100	100	4	9229333
-1	100	100	5	9398000
-1	100	100	6	10054000
-1	100	100	7	8904000
-1	100	100	8	8488000
-1	100	100	9	8008667
-1	100	100	10	7810000
-1	100	150	2	7959333
-1	100	150	3	9122000
-1	100	150	4	9641333
-1	100	150	5	9430667
-1	100	150	6	10105333
-1	100	150	7	9316000
-1	100	150	8	9138667
-1	100	150	9	9026667
-1	100	150	10	8276000
-1	100	200	2	7959333
-1	100	200	3	9152000
-1	100	200	4	9733333
-1	100	200	5	9778000
-1	100	200	6	10423333
-1	100	200	7	10052000
-1	100	200	8	9668000
-1	100	200	9	9211333
-1	100	200	10	9087333
-1	100	250	2	7959333
-1	100	250	3	9152000
-1	100	250	4	9830000
-1	100	250	5	10016667
-1	100	250	6	10330667
-1	100	250	7	10105333
-1	100	250	8	9690000
-1	100	250	9	9652667
-1	100	250	10	9728000
-1	100	300	2	7959333
-1	100	300	3	9151333
-1	100	300	4	9786667
-1	100	300	5	10121333
-1	100	300	6	10174667
-1	100	300	7	10210000
-1	100	300	8	10034000
-1	100	300	9	9966667
-1	100	300	10	9966667
-1	100	350	2	7959333
-1	100	350	3	9151333
-1	100	350	4	9752000
-1	100	350	5	9643333
-1	100	350	6	9999333
-1	100	350	7	9796667
-1	100	350	8	9670667
-1	100	350	9	9654667
-1	100	350	10	9565333
-1	100	400	2	7959333
-1	100	400	3	9010000
-1	100	400	4	9862667
-1	100	400	5	10292667
-1	100	400	6	10456000
-1	100	400	7	10142667
-1	100	400	8	10012667
-1	100	400	9	10012667
-1	100	400	10	10012667
-1	100	450	2	7959333
-1	100	450	3	9010000
-1	100	450	4	9874667
-1	100	450	5	10456000
-1	100	450	6	10401333
-1	100	450	7	10102667
-1	100	450	8	10102667
-1	100	450	9	10102667
-1	100	450	10	10102667
-1	100	500	2	7959333
-1	100	500	3	9010000
-1	100	500	4	9964667
-1	100	500	5	10599333
-1	100	500	6	10790000
-1	100	500	7	10376000
-1	100	500	8	10376000
-1	100	500	9	10376000
-1	100	500	10	10376000
-1	200	0	2	7959333
-1	200	0	3	8798667
-1	200	0	4	8458667
-1	200	0	5	8498667
-1	200	0	6	8927333
-1	200	0	7	8762000
-1	200	0	8	8801333
-1	200	0	9	9003333
-1	200	0	10	9850667
-1	200	50	2	7959333
-1	200	50	3	9152667
-1	200	50	4	9194000
-1	200	50	5	9470667
-1	200	50	6	9830667
-1	200	50	7	9114667
-1	200	50	8	8576000
-1	200	50	9	7109333
-1	200	50	10	6888667
-1	200	100	2	7959333
-1	200	100	3	9152667
-1	200	100	4	9229333
-1	200	100	5	9398000
-1	200	100	6	10054000
-1	200	100	7	8904000
-1	200	100	8	8488000
-1	200	100	9	8008667
-1	200	100	10	7810000
-1	200	150	2	7959333
-1	200	150	3	9122000
-1	200	150	4	9641333
-1	200	150	5	9430667
-1	200	150	6	10105333
-1	200	150	7	9316000
-1	200	150	8	9138667
-1	200	150	9	9026667
-1	200	150	10	8276000
-1	200	200	2	7959333
-1	200	200	3	9152000
-1	200	200	4	9733333
-1	200	200	5	9778000
-1	200	200	6	10423333
-1	200	200	7	10052000
-1	200	200	8	9668000
-1	200	200	9	9211333
-1	200	200	10	9087333
-1	200	250	2	7959333
-1	200	250	3	9152000
-1	200	250	4	9830000
-1	200	250	5	10016667
-1	200	250	6	10330667
-1	200	250	7	10105333
-1	200	250	8	9690000
-1	200	250	9	9652667
-1	200	250	10	9728000
-1	200	300	2	7959333
-1	200	300	3	9151333
-1	200	300	4	9786667
-1	200	300	5	10121333
-1	200	300	6	10174667
-1	200	300	7	10210000
-1	200	300	8	10034000
-1	200	300	9	9966667
-1	200	300	10	9966667
-1	200	350	2	7959333
-1	200	350	3	9151333
-1	200	350	4	9752000
-1	200	350	5	9643333
-1	200	350	6	9999333
-1	200	350	7	9796667
-1	200	350	8	9670667
-1	200	350	9	9654667
-1	200	350	10	9565333
-1	200	400	2	7959333
-1	200	400	3	9010000
-1	200	400	4	9862667
-1	200	400	5	10292667
-1	200	400	6	10456000
-1	200	400	7	10142667
-1	200	400	8	10012667
-1	200	400	9	10012667
-1	200	400	10	10012667
-1	200	450	2	7959333
-1	200	450	3	9010000
-1	200	450	4	9874667
-1	200	450	5	10456000
-1	200	450	6	10401333
-1	200	450	7	10102667
-1	200	450	8	10102667
-1	200	450	9	10102667
-1	200	450	10	10102667
-1	200	500	2	7959333
-1	200	500	3	9010000
-1	200	500	4	9964667
-1	200	500	5	10599333
-1	200	500	6	10790000
-1	200	500	7	10376000
-1	200	500	8	10376000
-1	200	500	9	10376000
-1	200	500	10	10376000
-1	300	0	2	7959333
-1	300	0	3	8798667
-1	300	0	4	8458667
-1	300	0	5	8498667
-1	300	0	6	8927333
-1	300	0	7	8762000
-1	300	0	8	8802000
-1	300	0	9	9004000
-1	300	0	10	9857333
-1	300	50	2	7959333
-1	300	50	3	9152667
-1	300	50	4	9225333
-1	300	50	5	9470000
-1	300	50	6	9858667
-1	300	50	7	9142667
-1	300	50	8	8543333
-1	300	50	9	7362000
-1	300	50	10	7212667
-1	300	100	2	7959333
-1	300	100	3	9152667
-1	300	100	4	9260667
-1	300	100	5	9417333
-1	300	100	6	10066000
-1	300	100	7	8856000
-1	300	100	8	8364000
-1	300	100	9	7976000
-1	300	100	10	7854667
-1	300	150	2	7959333
-1	300	150	3	9122000
-1	300	150	4	9641333
-1	300	150	5	9430667
-1	300	150	6	10105333
-1	300	150	7	9316000
-1	300	150	8	9138667
-1	300	150	9	9026667
-1	300	150	10	8276000
-1	300	200	2	7959333
-1	300	200	3	9152000
-1	300	200	4	9733333
-1	300	200	5	9778000
-1	300	200	6	10423333
-1	300	200	7	10052000
-1	300	200	8	9668000
-1	300	200	9	9211333
-1	300	200	10	9087333
-1	300	250	2	7959333
-1	300	250	3	9152000
-1	300	250	4	9830000
-1	300	250	5	10016667
-1	300	250	6	10330667
-1	300	250	7	10105333
-1	300	250	8	9690000
-1	300	250	9	9652667
-1	300	250	10	9728000
-1	300	300	2	7959333
-1	300	300	3	9151333
-1	300	300	4	9786667
-1	300	300	5	10121333
-1	300	300	6	10174667
-1	300	300	7	10210000
-1	300	300	8	10034000
-1	300	300	9	9966667
-1	300	300	10	9966667
-1	300	350	2	7959333
-1	300	350	3	9151333
-1	300	350	4	9752000
-1	300	350	5	9643333
-1	300	350	6	9999333
-1	300	350	7	9796667
-1	300	350	8	9670667
-1	300	350	9	9654667
-1	300	350	10	9565333
-1	300	400	2	7959333
-1	300	400	3	9010000
-1	300	400	4	9862667
-1	300	400	5	10292667
-1	300	400	6	10456000
-1	300	400	7	10142667
-1	300	400	8	10012667
-1	300	400	9	10012667
-1	300	400	10	10012667
-1	300	450	2	7959333
-1	300	450	3	9010000
-1	300	450	4	9874667
-1	300	450	5	10456000
-1	300	450	6	10401333
-1	300	450	7	10102667
-1	300	450	8	10102667
-1	300	450	9	10102667
-1	300	450	10	10102667
-1	300	500	2	7959333
-1	300	500	3	9010000
-1	300	500	4	9964667
-1	300	500	5	10599333
-1	300	500	6	10790000
-1	300	500	7	10376000
-1	300	500	8	10376000
-1	300	500	9	10376000
-1	300	500	10	10376000
-1	400	0	2	7959333
-1	400	0	3	8798667
-1	400	0	4	8458667
-1	400	0	5	8498667
-1	400	0	6	8927333
-1	400	0	7	8762000
-1	400	0	8	8802667
-1	400	0	9	9004667
-1	400	0	10	9862000
-1	400	50	2	7959333
-1	400	50	3	9152667
-1	400	50	4	9257333
-1	400	50	5	9502000
-1	400	50	6	9894667
-1	400	50	7	9497333
-1	400	50	8	8752000
-1	400	50	9	7658000
-1	400	50	10	7630000
-1	400	100	2	7959333
-1	400	100	3	9152667
-1	400	100	4	9304000
-1	400	100	5	9518000
-1	400	100	6	10247333
-1	400	100	7	9037333
-1	400	100	8	8703333
-1	400	100	9	8290000
-1	400	100	10	8218667
-1	400	150	2	7959333
-1	400	150	3	9122000
-1	400	150	4	9662000
-1	400	150	5	9490000
-1	400	150	6	10262667
-1	400	150	7	9507333
-1	400	150	8	9146000
-1	400	150	9	9051333
-1	400	150	10	8715333
-1	400	200	2	7959333
-1	400	200	3	9152000
-1	400	200	4	9733333
-1	400	200	5	9778000
-1	400	200	6	10423333
-1	400	200	7	10052000
-1	400	200	8	9668000
-1	400	200	9	9211333
-1	400	200	10	9087333
-1	400	250	2	7959333
-1	400	250	3	9152000
-1	400	250	4	9830000
-1	400	250	5	10016667
-1	400	250	6	10330667
-1	400	250	7	10105333
-1	400	250	8	9690000
-1	400	250	9	9652667
-1	400	250	10	9728000
-1	400	300	2	7959333
-1	400	300	3	9151333
-1	400	300	4	9786667
-1	400	300	5	10121333
-1	400	300	6	10174667
-1	400	300	7	10210000
-1	400	300	8	10034000
-1	400	300	9	9966667
-1	400	300	10	9966667
-1	400	350	2	7959333
-1	400	350	3	9151333
-1	400	350	4	9752000
-1	400	350	5	9643333
-1	400	350	6	9999333
-1	400	350	7	9796667
-1	400	350	8	9670667
-1	400	350	9	9654667
-1	400	350	10	9565333
-1	400	400	2	7959333
-1	400	400	3	9010000
-1	400	400	4	9862667
-1	400	400	5	10292667
-1	400	400	6	10456000
-1	400	400	7	10142667
-1	400	400	8	10012667
-1	400	400	9	10012667
-1	400	400	10	10012667
-1	400	450	2	7959333
-1	400	450	3	9010000
-1	400	450	4	9874667
-1	400	450	5	10456000
-1	400	450	6	10401333
-1	400	450	7	10102667
-1	400	450	8	10102667
-1	400	450	9	10102667
-1	400	450	10	10102667
-1	400	500	2	7959333
-1	400	500	3	9010000
-1	400	500	4	9964667
-1	400	500	5	10599333
-1	400	500	6	10790000
-1	400	500	7	10376000
-1	400	500	8	10376000
-1	400	500	9	10376000
-1	400	500	10	10376000
-1	500	0	2	7959333
-1	500	0	3	8798667
-1	500	0	4	8458667
-1	500	0	5	8498667
-1	500	0	6	8927333
-1	500	0	7	8762000
-1	500	0	8	8802667
-1	500	0	9	9011333
-1	500	0	10	9859333
-1	500	50	2	7959333
-1	500	50	3	9152667
-1	500	50	4	9257333
-1	500	50	5	9516000
-1	500	50	6	9908000
-1	500	50	7	9547333
-1	500	50	8	8860000
-1	500	50	9	7888667
-1	500	50	10	7831333
-1	500	100	2	7959333
-1	500	100	3	9152667
-1	500	100	4	9304000
-1	500	100	5	9519333
-1	500	100	6	10195333
-1	500	100	7	9143333
-1	500	100	8	8738667
-1	500	100	9	8624667
-1	500	100	10	8467333
-1	500	150	2	7959333
-1	500	150	3	9122000
-1	500	150	4	9662000
-1	500	150	5	9490000
-1	500	150	6	10130000
-1	500	150	7	9550667
-1	500	150	8	9148667
-1	500	150	9	9291333
-1	500	150	10	8925333
-1	500	200	2	7959333
-1	500	200	3	9152000
-1	500	200	4	9733333
-1	500	200	5	9778000
-1	500	200	6	10330667
-1	500	200	7	10070667
-1	500	200	8	9754667
-1	500	200	9	9438000
-1	500	200	10	9375333
-1	500	250	2	7959333
-1	500	250	3	9152000
-1	500	250	4	9830000
-1	500	250	5	10016667
-1	500	250	6	10330667
-1	500	250	7	10105333
-1	500	250	8	9690000
-1	500	250	9	9652667
-1	500	250	10	9728000
-1	500	300	2	7959333
-1	500	300	3	9151333
-1	500	300	4	9786667
-1	500	300	5	10121333
-1	500	300	6	10174667
-1	500	300	7	10210000
-1	500	300	8	10034000
-1	500	300	9	9966667
-1	500	300	10	9966667
-1	500	350	2	7959333
-1	500	350	3	9151333
-1	500	350	4	9752000
-1	500	350	5	9643333
-1	500	350	6	9999333
-1	500	350	7	9796667
-1	500	350	8	9670667
-1	500	350	9	9654667
-1	500	350	10	9565333
-1	500	400	2	7959333
-1	500	400	3	9010000
-1	500	400	4	9862667
-1	500	400	5	10292667
-1	500	400	6	10456000
-1	500	400	7	10142667
-1	500	400	8	10012667
-1	500	400	9	10012667
-1	500	400	10	10012667
-1	500	450	2	7959333
-1	500	450	3	9010000
-1	500	450	4	9874667
-1	500	450	5	10456000
-1	500	450	6	10401333
-1	500	450	7	10102667
-1	500	450	8	10102667
-1	500	450	9	10102667
-1	500	450	10	10102667
-1	500	500	2	7959333
-1	500	500	3	9010000
-1	500	500	4	9964667
-1	500	500	5	10599333
-1	500	500	6	10790000
-1	500	500	7	10376000
-1	500	500	8	10376000
-1	500	500	9	10376000
-1	500	500	10	10376000
-1	600	0	2	7959333
-1	600	0	3	8798667
-1	600	0	4	8459333
-1	600	0	5	8503333
-1	600	0	6	8932000
-1	600	0	7	8768667
-1	600	0	8	8825333
-1	600	0	9	9019333
-1	600	0	10	9871333
-1	600	50	2	7959333
-1	600	50	3	9152667
-1	600	50	4	9287333
-1	600	50	5	9582000
-1	600	50	6	9854667
-1	600	50	7	9597333
-1	600	50	8	8960667
-1	600	50	9	8142667
-1	600	50	10	7997333
-1	600	100	2	7959333
-1	600	100	3	9152667
-1	600	100	4	9334000
-1	600	100	5	9588000
-1	600	100	6	10184667
-1	600	100	7	9244667
-1	600	100	8	8721333
-1	600	100	9	8534000
-1	600	100	10	8533333
-1	600	150	2	7959333
-1	600	150	3	9122000
-1	600	150	4	9692000
-1	600	150	5	9491333
-1	600	150	6	10198667
-1	600	150	7	9656000
-1	600	150	8	9204667
-1	600	150	9	9312000
-1	600	150	10	8990000
-1	600	200	2	7959333
-1	600	200	3	9152000
-1	600	200	4	9763333
-1	600	200	5	9794667
-1	600	200	6	10300667
-1	600	200	7	9944000
-1	600	200	8	9608000
-1	600	200	9	9248000
-1	600	200	10	9185333
-1	600	250	2	7959333
-1	600	250	3	9152000
-1	600	250	4	9864667
-1	600	250	5	10033333
-1	600	250	6	10306667
-1	600	250	7	9832667
-1	600	250	8	9348000
-1	600	250	9	9280000
-1	600	250	10	9355333
-1	600	300	2	7959333
-1	600	300	3	9151333
-1	600	300	4	9786667
-1	600	300	5	10121333
-1	600	300	6	10174667
-1	600	300	7	10210000
-1	600	300	8	10034000
-1	600	300	9	9966667
-1	600	300	10	9966667
-1	600	350	2	7959333
-1	600	350	3	9151333
-1	600	350	4	9752000
-1	600	350	5	9643333
-1	600	350	6	9999333
-1	600	350	7	9796667
-1	600	350	8	9670667
-1	600	350	9	9654667
-1	600	350	10	9565333
-1	600	400	2	7959333
-1	600	400	3	9010000
-1	600	400	4	9862667
-1	600	400	5	10292667
-1	600	400	6	10456000
-1	600	400	7	10142667
-1	600	400	8	10012667
-1	600	400	9	10012667
-1	600	400	10	10012667
-1	600	450	2	7959333
-1	600	450	3	9010000
-1	600	450	4	9874667
-1	600	450	5	10456000
-1	600	450	6	10401333
-1	600	450	7	10102667
-1	600	450	8	10102667
-1	600	450	9	10102667
-1	600	450	10	10102667
-1	600	500	2	7959333
-1	600	500	3	9010000
-1	600	500	4	9964667
-1	600	500	5	10599333
-1	600	500	6	10790000
-1	600	500	7	10376000
-1	600	500	8	10376000
-1	600	500	9	10376000
-1	600	500	10	10376000
-1	700	0	2	7959333
-1	700	0	3	8798667
-1	700	0	4	8459333
-1	700	0	5	8503333
-1	700	0	6	8932000
-1	700	0	7	8770000
-1	700	0	8	8846667
-1	700	0	9	9044000
-1	700	0	10	9896000
-1	700	50	2	7959333
-1	700	50	3	9152667
-1	700	50	4	9314667
-1	700	50	5	9609333
-1	700	50	6	9897333
-1	700	50	7	9594667
-1	700	50	8	9050667
-1	700	50	9	7978667
-1	700	50	10	7797333
-1	700	100	2	7959333
-1	700	100	3	9152667
-1	700	100	4	9361333
-1	700	100	5	9615333
-1	700	100	6	10212000
-1	700	100	7	9630667
-1	700	100	8	9154000
-1	700	100	9	9009333
-1	700	100	10	9021333
-1	700	150	2	7959333
-1	700	150	3	9122000
-1	700	150	4	9730000
-1	700	150	5	9529333
-1	700	150	6	10328667
-1	700	150	7	10159333
-1	700	150	8	9708000
-1	700	150	9	9906000
-1	700	150	10	9626000
-1	700	200	2	7959333
-1	700	200	3	9152000
-1	700	200	4	9768667
-1	700	200	5	9800000
-1	700	200	6	10398000
-1	700	200	7	10262000
-1	700	200	8	9984000
-1	700	200	9	9668667
-1	700	200	10	9646667
-1	700	250	2	7959333
-1	700	250	3	9152000
-1	700	250	4	9864667
-1	700	250	5	10033333
-1	700	250	6	10398667
-1	700	250	7	10150000
-1	700	250	8	9770000
-1	700	250	9	9770000
-1	700	250	10	9770000
-1	700	300	2	7959333
-1	700	300	3	9151333
-1	700	300	4	9786667
-1	700	300	5	10121333
-1	700	300	6	10174667
-1	700	300	7	10074667
-1	700	300	8	9934000
-1	700	300	9	9844000
-1	700	300	10	9844000
-1	700	350	2	7959333
-1	700	350	3	9151333
-1	700	350	4	9752000
-1	700	350	5	9643333
-1	700	350	6	9999333
-1	700	350	7	9796667
-1	700	350	8	9670667
-1	700	350	9	9654667
-1	700	350	10	9565333
-1	700	400	2	7959333
-1	700	400	3	9010000
-1	700	400	4	9862667
-1	700	400	5	10292667
-1	700	400	6	10456000
-1	700	400	7	10142667
-1	700	400	8	10012667
-1	700	400	9	10012667
-1	700	400	10	10012667
-1	700	450	2	7959333
-1	700	450	3	9010000
-1	700	450	4	9874667
-1	700	450	5	10456000
-1	700	450	6	10401333
-1	700	450	7	10102667
-1	700	450	8	10102667
-1	700	450	9	10102667
-1	700	450	10	10102667
-1	700	500	2	7959333
-1	700	500	3	9010000
-1	700	500	4	9964667
-1	700	500	5	10599333
-1	700	500	6	10790000
-1	700	500	7	10376000
-1	700	500	8	10376000
-1	700	500	9	10376000
-1	700	500	10	10376000
-1	800	0	2	7959333
-1	800	0	3	8798667
-1	800	0	4	8459333
-1	800	0	5	8503333
-1	800	0	6	8932000
-1	800	0	7	8770000
-1	800	0	8	8846000
-1	800	0	9	9042667
-1	800	0	10	9895333
-1	800	50	2	7959333
-1	800	50	3	9152667
-1	800	50	4	9314667
-1	800	50	5	9609333
-1	800	50	6	10105333
-1	800	50	7	9890667
-1	800	50	8	9413333
-1	800	50	9	8374667
-1	800	50	10	8252667
-1	800	100	2	7959333
-1	800	100	3	9152667
-1	800	100	4	9361333
-1	800	100	5	9634667
-1	800	100	6	10231333
-1	800	100	7	9605333
-1	800	100	8	9116667
-1	800	100	9	8967333
-1	800	100	10	9032000
-1	800	150	2	7959333
-1	800	150	3	9122000
-1	800	150	4	9730000
-1	800	150	5	9581333
-1	800	150	6	10266000
-1	800	150	7	10042667
-1	800	150	8	9540667
-1	800	150	9	9738667
-1	800	150	10	9536667
-1	800	200	2	7959333
-1	800	200	3	9152000
-1	800	200	4	9768667
-1	800	200	5	9800667
-1	800	200	6	10284000
-1	800	200	7	10144667
-1	800	200	8	9866667
-1	800	200	9	9576667
-1	800	200	10	9554667
-1	800	250	2	7959333
-1	800	250	3	9152000
-1	800	250	4	9864667
-1	800	250	5	10034000
-1	800	250	6	10320000
-1	800	250	7	10094667
-1	800	250	8	9788000
-1	800	250	9	9788000
-1	800	250	10	9788000
-1	800	300	2	7959333
-1	800	300	3	9151333
-1	800	300	4	9786667
-1	800	300	5	10122000
-1	800	300	6	10096667
-1	800	300	7	10012000
-1	800	300	8	9871333
-1	800	300	9	9781333
-1	800	300	10	9781333
-1	800	350	2	7959333
-1	800	350	3	9151333
-1	800	350	4	9752000
-1	800	350	5	9644000
-1	800	350	6	9942000
-1	800	350	7	9754667
-1	800	350	8	9628667
-1	800	350	9	9628667
-1	800	350	10	9539333
-1	800	400	2	7959333
-1	800	400	3	9010000
-1	800	400	4	9862667
-1	800	400	5	10292667
-1	800	400	6	10456000
-1	800	400	7	10142667
-1	800	400	8	10012667
-1	800	400	9	10012667
-1	800	400	10	10012667
-1	800	450	2	7959333
-1	800	450	3	9010000
-1	800	450	4	9874667
-1	800	450	5	10456000
-1	800	450	6	10401333
-1	800	450	7	10102667
-1	800	450	8	10102667
-1	800	450	9	10102667
-1	800	450	10	10102667
-1	800	500	2	7959333
-1	800	500	3	9010000
-1	800	500	4	9964667
-1	800	500	5	10599333
-1	800	500	6	10790000
-1	800	500	7	10376000
-1	800	500	8	10376000
-1	800	500	9	10376000
-1	800	500	10	10376000
-1	900	0	2	7959333
-1	900	0	3	8798667
-1	900	0	4	8459333
-1	900	0	5	8503333
-1	900	0	6	8932000
-1	900	0	7	8770000
-1	900	0	8	8971333
-1	900	0	9	9115333
-1	900	0	10	9968000
-1	900	50	2	7959333
-1	900	50	3	9152667
-1	900	50	4	9314667
-1	900	50	5	9661333
-1	900	50	6	10244000
-1	900	50	7	10154667
-1	900	50	8	9853333
-1	900	50	9	8947333
-1	900	50	10	8871333
-1	900	100	2	7959333
-1	900	100	3	9152667
-1	900	100	4	9361333
-1	900	100	5	9634667
-1	900	100	6	10148000
-1	900	100	7	9632667
-1	900	100	8	9192000
-1	900	100	9	9110667
-1	900	100	10	9032667
-1	900	150	2	7959333
-1	900	150	3	9122000
-1	900	150	4	9730000
-1	900	150	5	9581333
-1	900	150	6	10137333
-1	900	150	7	9914000
-1	900	150	8	9489333
