Feature	Gain	Cover	Frequency
ctrx_quarter	0.156553059364668	0.0171964654089696	0.00520162656726533
mcuentas_saldo	0.0660206454177479	0.010323389738259	0.00801423246357167
mdescubierto_preacordado_tend6	0.0635923571905435	0.00313262733813551	0.00154185022026432
mtarjeta_visa_consumo	0.0298682578159005	0.0104036292672521	0.0029142663503897
cpayroll_trx	0.0156372930940924	0.00695125434579241	0.00116909522195866
mpayroll	0.014001784459427	0.0115459283093816	0.00227041680786174
mprestamos_personales	0.0133018347438396	0.00688270467028014	0.00293120975940359
mpasivos_margen	0.0113550504185824	0.00566925242292204	0.0045069467976957
foto_mes	0.0108198480616326	0.00621016895427926	0.00765842087427991
mcaja_ahorro	0.0089715913746518	0.00252023748853207	0.00472721111487631
mprestamos_personales_tend6	0.0088796211582084	0.00463654828438331	0.0031684174855981
ccomisiones_mantenimiento_tend6	0.00861342530393408	0.00490980181062777	0.00243985089800068
mrentabilidad_avg6	0.00632757702784214	0.00305283175535368	0.00428668248051508
mcuenta_corriente_avg6	0.00623960197125638	0.00398856978580726	0.0071501186038631
numero_de_cliente	0.00578788227463985	0.00483886763009541	0.0106065740426974
Visa_status	0.00502360092320043	0.000398717106040086	0.000355811589291766
cliente_edad	0.00486903145402788	0.00382590856792422	0.00828532700779397
mrentabilidad_annual_tend6	0.00485163927628619	0.0035249413414208	0.00809894950864114
tcallcenter_tend6	0.00449241326687143	0.00340325273650542	0.00255845476109793
mcuenta_corriente_tend6	0.00445221829573345	0.00393623248679245	0.00716706201287699
cproductos_tend6	0.00438738972186631	0.00261155966715574	0.00257539817011183
mactivos_margen	0.00434563130161867	0.00313709038752308	0.00487970179600136
ctrx_quarter_delta1	0.00432506202418889	0.00415501339171412	0.00652321247034903
mrentabilidad_annual_delta1	0.00420500951099681	0.003360105545265	0.00720094883090478
mcuentas_saldo_tend6	0.00412342656108776	0.00196794262420431	0.00559132497458489
cliente_edad_lag1	0.00407492978135652	0.00373640260947411	0.00674347678752965
ctrx_quarter_tend6	0.00406966957999243	0.0021725073100141	0.00677736360555744
mactivos_margen_tend6	0.00405614736461154	0.00352017148897794	0.00659098610640461
Master_Fvencimiento_avg6	0.00393246052683235	0.00225892215607788	0.00670958996950186
mcomisiones_mantenimiento_tend6	0.00386280409396647	0.00629864583361803	0.0055574381565571
mactivos_margen_avg6	0.00371437162545964	0.0038506492606523	0.00520162656726533
Visa_Fvencimiento	0.00370025643659303	0.0027644441280395	0.00682819383259912
Visa_Fvencimiento_avg6	0.00368700319445651	0.00418477851097433	0.00721789223991867
mcuenta_corriente	0.00365745083925732	0.00345921152463257	0.00481192815994578
ctransferencias_recibidas_avg6	0.00364804890270712	0.00402664183787434	0.00645543883429346
cliente_edad_avg6	0.00362958801639753	0.0052898666050541	0.00642155201626567
ctarjeta_visa_trx	0.0035299091334805	0.00424019445481583	0.0023720772619451
chomebanking_trx_avg6	0.00347236730294778	0.00372521853456111	0.00613351406302948
Visa_fultimo_cierre_avg6	0.0034427682130459	0.00280410714180408	0.00570992883768214
mrentabilidad_annual_avg6	0.00339453700201397	0.00405108263524909	0.00567604201965435
Master_fultimo_cierre_avg6	0.00337569702353085	0.00277425710835394	0.00613351406302948
mrentabilidad_annual_lag1	0.00328944642340225	0.00389320609609604	0.00598102338190444
mcaja_ahorro_dolares_delta1	0.0032617278935556	0.00280428758445769	0.00269400203320908
mcaja_ahorro_avg6	0.00320938323579562	0.00241855763202241	0.00552355133852931
mcaja_ahorro_lag1	0.00317740228614077	0.00415426786534417	0.00482887156895967
Master_fechaalta_avg6	0.00308724771845935	0.00188643561614203	0.00465943747882074
mcuentas_saldo_delta1	0.00306396712758376	0.00307372637441549	0.00560826838359878
cliente_antiguedad	0.00304618398569019	0.00199445977569957	0.00548966452050153
chomebanking_trx_delta1	0.00303248811842659	0.00291569129507846	0.00504913588614029
Visa_fechaalta_avg6	0.00302190728777116	0.00169702828171587	0.00408336157234836
Visa_fechaalta	0.00299579378964619	0.00156473601733257	0.00481192815994578
thomebanking_avg6	0.00299185270531655	0.00166440421624737	0.00394781430023721
mcuentas_saldo_avg6	0.00296745949202853	0.00356091412601453	0.00508302270416808
Master_Fvencimiento	0.00296511979183802	0.00252785752619537	0.00545577770247374
mtarjeta_visa_debitos_automaticos_tend6	0.0029593395563233	0.00309865879799307	0.00404947475432057
ccomisiones_otras_tend6	0.00295898621174425	0.00294822589738257	0.00599796679091833
Master_fechaalta	0.00292739180099388	0.00232153946345177	0.00516773974923755
mrentabilidad_tend6	0.00291333176013133	0.00220322013228696	0.00538800406641816
Visa_mpagominimo_avg6	0.00291270697447749	0.0030885791129908	0.00462555066079295
ccomisiones_otras_avg6	0.0029096702090882	0.00398300992813305	0.00564215520162657
ctarjeta_visa	0.00289756597265017	4.49480796852563e-05	6.77736360555744e-05
Visa_cconsumos_avg6	0.00286640210332623	0.00313228987162274	0.00498136225008472
mcuenta_corriente_delta1	0.00285491901411643	0.00292644018476806	0.00482887156895967
Visa_Fvencimiento_lag1	0.00285165073459977	0.00290840400647293	0.00569298542866825
mtarjeta_visa_consumo_tend6	0.00284301946439367	0.000922720044910765	0.00228736021687564
Visa_mpagospesos_tend6	0.00284097695499925	0.00215361811476732	0.00501524906811251
Master_Fvencimiento_lag1	0.00280068438709874	0.00188922497988913	0.00506607929515419
Visa_fechaalta_tend6	0.00279382394293116	0.00351886003648897	0.00243985089800068
ctrx_quarter_avg6	0.00277815712862118	0.00239502410233177	0.00428668248051508
mactivos_margen_lag1	0.00273918110298678	0.00167036337279091	0.00435445611657065
chomebanking_trx_tend6	0.00273654000611034	0.00197501611101018	0.00523551338529312
ctarjeta_visa_trx_tend6	0.00268718305630289	0.00173406603177502	0.00323619112165368
chomebanking_trx	0.002659856467608	0.0022348334830225	0.00404947475432057
ctarjeta_visa_debitos_automaticos_tend6	0.00262159917579295	0.00165998985773459	0.00274483226025076
mtransferencias_recibidas_avg6	0.0026164343237419	0.00149692394960508	0.00471026770586242
mrentabilidad_annual	0.00260618502464271	0.00286463529053675	0.0044900033886818
Visa_mfinanciacion_limite	0.00259650281811164	0.00315900852583856	0.00435445611657065
mpasivos_margen_avg6	0.00259477503389792	0.00322605973546736	0.00477804134191799
mcomisiones_mantenimiento_avg6	0.002582765590637	0.00295526669896454	0.00426973907150119
mcuenta_corriente_lag1	0.00258124314119108	0.00243346125171946	0.00452389020670959
mpasivos_margen_tend6	0.00257383650854588	0.00456638170117106	0.00469332429684853
mcaja_ahorro_tend6	0.00256256867372874	0.00206534492839607	0.00494747543205693
cproductos_delta1	0.00253498054124771	0.00193299285342263	0.000779396814639105
mtransferencias_recibidas	0.00252884189576513	0.00294002561275472	0.00298203998644527
mcuentas_saldo_lag1	0.00252528563326415	0.00335991179264908	0.00487970179600136
ctransferencias_recibidas_tend6	0.00250626154691975	0.003688083908194	0.00486275838698746
mrentabilidad_delta1	0.0024567684616198	0.00189273948386137	0.00462555066079295
ccaja_ahorro	0.00240539359683235	0.0011252100614054	0.00128769908505591
Master_mfinanciacion_limite	0.00239691942533345	0.00274694405480859	0.0044900033886818
mrentabilidad_lag1	0.00239027634581387	0.00119261171054821	0.00452389020670959
Visa_fechaalta_lag1	0.00238311273824655	0.0013311706084525	0.00393087089122331
Master_fechaalta_lag1	0.0023781157188647	0.00204276988447236	0.0042358522534734
Visa_mpagominimo	0.00235888486750559	0.00196803343521299	0.00349034225686208
mtransferencias_emitidas_avg6	0.00235658241022471	0.00329607451771705	0.00410030498136225
mpasivos_margen_lag1	0.00233797215643629	0.00208538669898677	0.00457472043375127
mcaja_ahorro_delta1	0.00232001043638748	0.00363894335886132	0.00393087089122331
mactivos_margen_delta1	0.00231485701145053	0.00188444030115913	0.00432056929854287
cproductos_avg6	0.00231262580175516	0.00301256574975225	0.0045069467976957
internet_avg6	0.00228557651282406	0.00243323262363268	0.00388004066418163
Visa_status_delta1	0.00227354945259688	0.00134956362852199	0.000406641816333446
cproductos	0.00225251466463903	0.00570882850073026	0.00288037953236191
ccomisiones_mantenimiento_avg6	0.00222604461260483	0.00240131718729683	0.0031684174855981
Visa_status_tend6	0.00221531259648137	0.00253433492886636	0.000457472043375127
Visa_mpagospesos_avg6	0.00219783266863111	0.0020972792345519	0.00394781430023721
ctarjeta_debito_avg6	0.00218796821965904	0.00170432820636157	0.00377838021009827
cmobile_app_trx_avg6	0.00217411777547261	0.00209352093924467	0.00452389020670959
mrentabilidad	0.00215574507140153	0.00156100333106675	0.00357505930193155
ctrx_quarter_lag1	0.00212747843130923	0.00259393003239297	0.00433751270755676
cliente_antiguedad_avg6	0.00211131482165111	0.00220035208812975	0.0036936631650288
Visa_mconsumospesos_tend6	0.00205462424652106	0.00117978916242667	0.0037106065740427
Visa_cconsumos_tend6	0.00201106221314922	0.00107814923580395	0.00352422907488987
mtransferencias_recibidas_tend6	0.00200751456395209	0.0020937957309982	0.00410030498136225
Visa_Finiciomora	0.00200614260262182	0.0059449667758692	0.00142324635716706
Master_mfinanciacion_limite_avg6	0.00198907115731672	0.00167838759525908	0.0036936631650288
mcomisiones_mantenimiento	0.00197830163249167	0.00225086743863278	0.00213486953575059
chomebanking_trx_lag1	0.00196521611557029	0.000941088466822062	0.00388004066418163
ctarjeta_visa_trx_avg6	0.00196440667380364	0.00189879315798537	0.00257539817011183
Visa_msaldototal_tend6	0.0019580746199216	0.00390409583551339	0.00310064384954253
Visa_msaldototal_avg6	0.00194867864290257	0.000770210621699218	0.00194849203659776
mcaja_ahorro_dolares_tend6	0.00194752036458171	0.00220065484765219	0.00315147407658421
Visa_mconsumospesos_avg6	0.00192978856583961	0.00184064243809029	0.00377838021009827
Visa_mconsumosdolares_avg6	0.00191391647666914	0.00163655539459887	0.00327007793968146
cpayroll_trx_lag1	0.00189825855833615	0.000340696116157412	0.00023720772619451
Visa_fultimo_cierre	0.00189439440024763	0.00308683769817502	0.00362588952897323
Visa_mpagado_avg6	0.0018892007666512	0.00175789575024721	0.0026431718061674
Master_Fvencimiento_tend6	0.00187592133173559	0.00119200939263351	0.00298203998644527
ctransferencias_emitidas_avg6	0.00187575006881246	0.00156808692670476	0.00321924771263978
mcomisiones_avg6	0.00185891874370378	0.00132488443118939	0.00301592680447306
Master_fultimo_cierre_tend6	0.00182712882921314	0.00361100204139879	0.00330396475770925
mpasivos_margen_delta1	0.00181694282259288	0.00149731971038316	0.00360894611995934
mpayroll_avg6	0.00180752199402611	0.00236091033196766	0.00198237885462555
Visa_mpagominimo_lag1	0.00176805364097891	0.00173038405815041	0.0031684174855981
Visa_mpagospesos_lag1	0.00176324563473838	0.00227444713199016	0.00365977634700102
mprestamos_personales_delta1	0.00175273319176198	0.00440699507097759	0.00188071840054219
ctarjeta_visa_debitos_automaticos_avg6	0.00175183563612697	0.0021333574879609	0.00306675703151474
cmobile_app_trx_tend6	0.00174783012430096	0.00269456716286791	0.00354117248390376
mcomisiones_otras_tend6	0.00174365578473223	0.00100937160612704	0.00323619112165368
mtarjeta_visa_debitos_automaticos_avg6	0.00173794004550228	0.00167441229702202	0.00252456794307015
Visa_Fvencimiento_tend6	0.00173182465565887	0.00109474625336414	0.00301592680447306
thomebanking_tend6	0.00172573633104142	0.00334413780250521	0.00311758725855642
Visa_mconsumospesos	0.00171076758531531	0.000797711025600133	0.00308370044052863
ctarjeta_visa_tend6	0.00166854223530953	0.000254686128820635	8.4717045069468e-05
mcomisiones_otras	0.00166429622125788	0.00201955865804629	0.00272788885123687
mcomisiones_tend6	0.00165903606883767	0.00103772570090175	0.00303287021348695
Visa_msaldototal	0.00165886258596261	0.00123598651899221	0.001592680447306
mcaja_ahorro_dolares_avg6	0.00165726725600323	0.00113352996721352	0.00306675703151474
Master_fultimo_cierre	0.00164539488900733	0.00116538053854316	0.00337173839376483
ctarjeta_debito_trx_avg6	0.00164170425616147	0.00186972083068747	0.00337173839376483
Visa_mpagospesos	0.00162352185160142	0.00341369819275044	0.00325313453066757
Visa_mpagominimo_tend6	0.00158493942896811	0.000887448139345056	0.0031684174855981
ccallcenter_trx_avg6	0.0015796587737616	0.00381307439464572	0.00304981362250085
mdescubierto_preacordado_avg6	0.00157671043085408	0.00144958799528902	0.00121992544900034
Visa_fultimo_cierre_tend6	0.00153584133838399	0.00214139299862495	0.00252456794307015
mcomisiones_otras_avg6	0.00152823894749036	0.00357362244433295	0.00282954930532023
cprestamos_personales_avg6	0.00152263844005395	0.00244296523873164	0.0015757370382921
Visa_msaldopesos	0.00151168346459677	0.00175810146498115	0.00220264317180617
Master_fultimo_cierre_lag1	0.00149848602276162	0.00200352773508566	0.00315147407658421
mprestamos_personales_lag1	0.00149334641137106	0.00115416596865321	0.000931887495764148
tmobile_app_avg6	0.00149056361787412	0.000615043923480471	0.00274483226025076
Visa_msaldopesos_tend6	0.00146765730013113	0.00112976139459362	0.00267705862419519
Visa_mconsumospesos_lag1	0.00146220789755663	0.00108789162277398	0.00274483226025076
ccajas_trx_avg6	0.00145593081379879	0.00255682067810621	0.00266011521518129
mcomisiones_otras_lag1	0.00144813697725308	0.000526893053978053	0.00266011521518129
Visa_mconsumosdolares_tend6	0.00144695006422737	0.00163360479497923	0.00299898339545917
ccomisiones_mantenimiento_delta1	0.00144189716117938	0.00223999909624345	0.00101660454083362
Visa_mfinanciacion_limite_avg6	0.00143331657950482	0.000928134166921694	0.00274483226025076
cmobile_app_trx_lag1	0.00142409765009478	0.00196933242014232	0.00282954930532023
ccomisiones_otras	0.00141899733140127	0.00264852395970137	0.002389020670959
mcuenta_debitos_automaticos	0.00140962344741743	0.00511939462954147	0.00193154862758387
Visa_mpagospesos_delta1	0.00140810161142518	0.00120524353870348	0.0029142663503897
mcomisiones	0.0013982764763117	0.00130426342451737	0.00245679430701457
mcomisiones_lag1	0.00137459286240257	0.000531035147945338	0.00250762453405625
Master_mfinanciacion_limite_lag1	0.00137406573541193	0.00277615032413227	0.00255845476109793
Visa_mpagominimo_delta1	0.00137393388775911	0.00174522180195805	0.00262622839715351
ccallcenter_trx_tend6	0.00136545544060311	0.00256996721429768	0.00243985089800068
mautoservicio_avg6	0.00135372864838044	0.00122300543068668	0.00259234157912572
ctransferencias_emitidas_tend6	0.00135284312533978	0.0021132527056499	0.00252456794307015
mtransferencias_emitidas_tend6	0.00135273322093609	0.000832719427608191	0.00260928498813961
mcaja_ahorro_dolares_lag1	0.00135000525100759	0.00129026993667353	0.002389020670959
Master_mpagospesos_tend6	0.00132754415756967	0.00486748758715526	0.0023720772619451
ccuenta_debitos_automaticos_avg6	0.00132490867909448	0.00190205746836227	0.00249068112504236
mcuenta_debitos_automaticos_tend6	0.00131710900333055	0.00298771925124782	0.00228736021687564
ccaja_ahorro_tend6	0.00131393084431896	0.00137829208704676	0.000745509996611318
mtransferencias_recibidas_lag1	0.00130397326635952	0.00182549384769451	0.00257539817011183
Visa_cconsumos	0.00129764627762602	0.000992537873414358	0.00255845476109793
ccaja_ahorro_avg6	0.00128911231371389	0.00217107438305898	0.00191460521856998
mcaja_ahorro_dolares	0.00128764039866189	0.00374498854604791	0.00262622839715351
ctarjeta_visa_trx_lag1	0.00128349431854085	0.00251424328803713	0.00260928498813961
Visa_cconsumos_lag1	0.00128262664862512	0.00189162380575474	0.00247373771602847
Visa_mfinanciacion_limite_lag1	0.0012712616715116	0.00096762735230641	0.00247373771602847
mautoservicio_tend6	0.00125523414395265	0.00193027121885084	0.00240596407997289
Visa_msaldopesos_avg6	0.00123956734090866	0.00141668391517038	0.00216875635377838
internet_tend6	0.00123902319645197	0.00255605426014985	0.00218569976279227
mcomisiones_mantenimiento_lag1	0.00122131828882911	0.00165885295108048	0.00191460521856998
mcuenta_debitos_automaticos_avg6	0.00119875604081807	0.00118341132546115	0.00205015249068112
ccajas_trx_tend6	0.00118562626727593	0.00187844407889777	0.00201626567265334
Visa_mconsumospesos_delta1	0.00118052859447067	0.000953422758351488	0.002389020670959
ccomisiones_otras_lag1	0.00117566028018871	0.00134020419780933	0.00240596407997289
tmobile_app_tend6	0.00116409858112178	0.00435290001453505	0.00267705862419519
Visa_fultimo_cierre_lag1	0.00115164408444111	0.00123196910062125	0.002389020670959
cliente_antiguedad_lag1	0.00114134901131856	0.00105768272578305	0.00213486953575059
thomebanking	0.00113524276881899	0.00135654377711115	0.000745509996611318
mtarjeta_master_consumo	0.00113413431634488	0.000813384769825331	0.000525245679430702
Master_mlimitecompra_avg6	0.00113046516316954	0.00106355460940915	0.00203320908166723
mcomisiones_otras_delta1	0.00113040196576631	0.00148889669448727	0.00240596407997289
mpayroll_tend6	0.00110435372858966	0.00261941220795815	0.00221958658082006
ccajas_consultas_avg6	0.00109186594392277	0.00434047491199695	0.00235513385293121
mtarjeta_visa_consumo_lag1	0.00108977931184474	0.00182129329098137	0.00208403930870891
cliente_edad_tend6	0.00108758967461667	0.000992044393925638	0.00225347339884785
ccajas_extracciones_avg6	0.00106834631758057	0.00420404982007581	0.00196543544561166
Visa_delinquency_tend6	0.0010676540125477	0.0039030077882146	0.00142324635716706
Visa_mconsumosdolares_lag1	0.00106511012264476	0.000871497918560968	0.00208403930870891
mcomisiones_delta1	0.00105692345676718	0.00128187269829958	0.00210098271772281
Visa_mlimitecompra_avg6	0.00105219752380387	0.00144626101015288	0.00189766180955608
Visa_mlimitecompra	0.00103781915996735	0.000967455502160117	0.0018637749915283
ccajas_consultas_tend6	0.00103715659850293	0.00333212042286322	0.00205015249068112
mforex_sell_avg6	0.00103411879376815	0.00259364496332677	0.00154185022026432
cextraccion_autoservicio_avg6	0.00102636918100631	0.00188421773837163	0.00210098271772281
Master_status_delta1	0.00102445443185466	0.0009839024035631	0.000321924771263978
Master_fechaalta_tend6	0.00101998232960287	0.00107912692835193	0.00147407658420874
cprestamos_personales	0.00101948119421418	0.00184337536085797	0.000694679769569637
Visa_mpagado_tend6	0.00100861846896149	0.00260741959495489	0.00166045408336157
ccallcenter_trx	0.00100620078307288	0.00355389438449951	0.00115215181294476
catm_trx_avg6	0.0010019396781998	0.00146836194984946	0.00199932226363944
matm_avg6	0.000986599391993495	0.00148344146322566	0.00193154862758387
Visa_msaldototal_lag1	0.000982887542706204	0.000995343242812335	0.00179600135547272
Visa_mlimitecompra_lag1	0.000982622417776588	0.00109716209576385	0.00162656726533379
ccaja_ahorro_delta1	0.000980387924071585	0.0022285297837837	0.000406641816333446
mextraccion_autoservicio_avg6	0.000960368343558985	0.000794278066207113	0.00189766180955608
mtarjeta_visa_debitos_automaticos_lag1	0.000958256346947974	0.00150571560091282	0.00176211453744493
Master_mpagospesos_avg6	0.000953498720403122	0.00182873642408232	0.00191460521856998
cprestamos_personales_tend6	0.000952194295537758	0.00312324465710895	0.000948830904778041
mdescubierto_preacordado_delta1	0.000943606638287019	0.00194878790363345	0.000525245679430702
Master_cconsumos_avg6	0.000942029813153641	0.00311546961735291	0.00201626567265334
mtarjeta_visa_debitos_automaticos	0.000940276700927958	0.00118640859418916	0.00176211453744493
tcallcenter_avg6	0.000937850225697718	0.00177977395867575	0.00181294476448661
Master_mlimitecompra	0.000933448232098488	0.000848541603185237	0.00162656726533379
mtarjeta_visa_consumo_avg6	0.000926474192820655	0.00088679932080253	0.00166045408336157
Master_mpagominimo_tend6	0.00091965613188016	0.00145072928243705	0.00152490681125042
Master_mconsumospesos_avg6	0.00091775330040265	0.00179964623784765	0.00174517112843104
cpagomiscuentas_tend6	0.000910707280769363	0.00163249939418527	0.00191460521856998
Visa_Finiciomora_lag1	0.00090692755814091	0.00248495934918654	0.000626906133514063
mtransferencias_recibidas_delta1	0.000873779641469981	0.00120179474214011	0.00194849203659776
mpagomiscuentas	0.000871317081110891	0.00173739116362526	0.00116909522195866
cpagomiscuentas_avg6	0.000870235169958579	0.00104118561718046	0.00171128431040325
mtransferencias_emitidas	0.000852134765331122	0.00551129096957905	0.00191460521856998
mtarjeta_visa_consumo_delta1	0.000851469401251255	0.00111240924727295	0.00152490681125042
ctarjeta_master	0.000843958253457275	0.000215028337952655	0.000135547272111149
ctarjeta_debito_trx_tend6	0.000826496762890468	0.000759358284960772	0.00179600135547272
Visa_msaldototal_delta1	0.000813303972218747	0.00174274025214946	0.00171128431040325
mpayroll_delta1	0.000809772254503093	0.00204875212284927	0.00166045408336157
mtransferencias_emitidas_delta1	0.000800352918760192	0.00153718068877705	0.00177905794645883
mpagomiscuentas_avg6	0.000794063925782163	0.000864947226857003	0.0015757370382921
mextraccion_autoservicio_tend6	0.000790690189169539	0.000908514103111558	0.00150796340223653
Visa_cconsumos_delta1	0.000789039677728488	0.0019235255951672	0.00162656726533379
cmobile_app_trx	0.000784473325888084	0.000919223062914224	0.00164351067434768
mpagomiscuentas_tend6	0.000775732968614354	0.00376278800919055	0.00177905794645883
cpayroll_trx_avg6	0.000769396811304267	0.00247423893270745	0.00115215181294476
Visa_mconsumosdolares	0.000765866333167965	0.0010406294629325	0.00152490681125042
ccaja_seguridad	0.000758635116823393	0.00233002431170422	0.000474415452389021
Visa_msaldopesos_delta1	0.000754948976562802	0.00100676302199462	0.00150796340223653
catm_trx_other_avg6	0.000746567245143938	0.00118745317350976	0.00128769908505591
Visa_msaldopesos_lag1	0.000746060499238416	0.000928583504510091	0.00135547272111149
cmobile_app_trx_delta1	0.00074562004726401	0.00103717982396646	0.00174517112843104
mtarjeta_visa_debitos_automaticos_delta1	0.000744658915649322	0.00113707614552645	0.00140630294815317
Visa_delinquency_avg6	0.000730324619901733	0.00161537368470443	0.00066079295154185
ccuenta_debitos_automaticos_tend6	0.000717487275192221	0.00161569733581328	0.00125381226702813
mautoservicio_lag1	0.000710313538876213	0.000453149965956469	0.00128769908505591
mpayroll_lag1	0.000710114036296513	0.00170485470803527	0.00110132158590308
ccomisiones_otras_delta1	0.000706793048690412	0.000970740198681824	0.00137241613012538
mprestamos_personales_avg6	0.000705528677465915	0.0011407289720184	0.0013215859030837
Master_msaldototal_tend6	0.000699754299946079	0.00304073367353514	0.00121992544900034
Visa_msaldodolares_avg6	0.000693115340139507	0.001775272158765	0.00133852931209759
mtransferencias_emitidas_lag1	0.000687735971075379	0.00066462538637477	0.00155879362927821
Master_mpagominimo	0.000684494728423932	0.00225438312196877	0.00101660454083362
Master_mpagominimo_avg6	0.000679136359487095	0.00120276569546667	0.00133852931209759
ccajas_otras_delta1	0.000678778516022368	0.00138444937670014	0.000321924771263978
internet	0.00067828182984577	0.000388970001615058	0.00125381226702813
Master_mlimitecompra_lag1	0.000671867027554644	0.00080163224158527	0.00123686885801423
Visa_mconsumosdolares_delta1	0.000670405314329001	0.00100756195669435	0.00140630294815317
ccajas_depositos_avg6	0.00067008924323616	0.00442551478840984	0.00118603863097255
ccomisiones_mantenimiento	0.000669950656741041	0.00100192628277913	0.000508302270416808
Master_status	0.000666274648717504	0.00075055517697661	0.000271094544222298
mautoservicio_delta1	0.000661889092608263	0.00169791870134642	0.0015757370382921
matm_tend6	0.000659050751903201	0.00152150172165525	0.0015757370382921
Visa_mpagosdolares_avg6	0.000657714500453524	0.00119956001631615	0.00130464249406981
Master_msaldopesos	0.000647287285694529	0.00172452885409732	0.000982717722805829
matm_other_avg6	0.000643504402448408	0.00119070215215793	0.0013215859030837
tmobile_app_delta1	0.000642684244953594	0.000618835577933745	0.000982717722805829
ctransferencias_recibidas	0.000626806968799909	0.000669169811861024	0.00120298203998645
mplazo_fijo_dolares_tend6	0.000622237126958436	0.00291016850312208	0.000745509996611318
Master_mconsumospesos_tend6	0.00061964192224698	0.00085282218815277	0.00120298203998645
internet_lag1	0.000618542024984781	0.000451466508444933	0.0010674347678753
ccajas_otras_tend6	0.000614135647153133	0.00457758498286513	0.0010674347678753
ctarjeta_debito_tend6	0.000608287980963487	0.00484735904908874	0.000999661131819722
tmobile_app	0.000608097619320434	0.000272872423272968	0.000982717722805829
cproductos_lag1	0.000604434611360442	0.000524903804294436	0.00103354794984751
Master_mpagospesos_lag1	0.000601422420407572	0.000763834981271722	0.00120298203998645
cextraccion_autoservicio_tend6	0.000594624271038026	0.00263213451016102	0.00145713317519485
ccaja_seguridad_avg6	0.000591760376929999	0.000719926426491007	0.000254151135208404
Master_cconsumos_tend6	0.000587926065085298	0.00104373557008649	0.00125381226702813
ctransferencias_recibidas_lag1	0.000587004569709186	0.000614058480827852	0.00133852931209759
active_quarter_avg6	0.000581758916921747	0.00268404589038189	0.00115215181294476
Visa_Finiciomora_tend6	0.000579008946008139	0.00538851886633935	0.00110132158590308
ctarjeta_master_trx_tend6	0.000573861804575241	0.00213495603128251	0.00128769908505591
tpaquete7_tend6	0.00057259824653103	0.00188500471095333	0.000355811589291766
cplazo_fijo_tend6	0.000543667228177559	0.00196615673052714	0.00066079295154185
Visa_fultimo_cierre_delta1	0.000541571552267545	0.00033529126057594	0.000762453405625212
Master_mfinanciacion_limite_tend6	0.000526475817120247	0.00190521765776818	0.000914944086750254
Master_msaldopesos_tend6	0.000526307394365865	0.000944184128182846	0.0010504913588614
ctarjeta_debito_trx	0.000526235225994728	0.000435493711269077	0.000931887495764148
tcallcenter	0.000523938459801205	0.000108324223391406	0.000152490681125042
Master_status_avg6	0.000523755170779904	0.00163385869514635	0.000694679769569637
catm_trx_tend6	0.000521980765831528	0.00104805305229132	0.0010674347678753
Master_fultimo_cierre_delta1	0.000518557012989363	0.000522147799693385	0.000999661131819722
mautoservicio	0.00051725689757017	0.00219171341714831	0.000965774313791935
Master_mpagospesos	0.000514824790750533	0.00105052230302081	0.00115215181294476
cforex_sell_avg6	0.00051297433401016	0.00101117822291008	0.000931887495764148
internet_delta1	0.000511859709268083	0.000461088431832024	0.00103354794984751
ctarjeta_debito	0.000509562163176111	0.000567886727012663	0.000898000677736361
Master_mlimitecompra_tend6	0.000504467243152528	0.00318940645799041	0.000762453405625212
mplazo_fijo_dolares	0.000503112153684722	0.00310039229422367	0.000559132497458489
cseguro_accidentes_personales_avg6	0.000495010577130721	0.000383280413928452	0.000881057268722467
mextraccion_autoservicio_delta1	0.000487726124725747	0.000509017606113869	0.000965774313791935
Master_mfinanciacion_limite_delta1	0.000484140825672878	0.00290479734364773	0.000609962724500169
mtarjeta_master_consumo_tend6	0.000482399848449941	0.000935887304208108	0.000728566587597425
cplazo_fijo	0.000475196652101811	0.00229031884084467	0.000288037953236191
ccajas_extracciones_tend6	0.000472898974413099	0.000927778336030544	0.000982717722805829
ctarjeta_visa_debitos_automaticos_lag1	0.000471379125364319	0.000834052782566787	0.000948830904778041
Visa_Finiciomora_avg6	0.000468603579975182	0.00279340559514498	0.00066079295154185
mcomisiones_mantenimiento_delta1	0.000467223375285603	0.00249744746344495	0.00101660454083362
ctransferencias_recibidas_delta1	0.000460641641479969	0.00132941504127173	0.00120298203998645
Master_mpagominimo_lag1	0.000458372774008858	0.000634948719395741	0.000813283632666893
ctransferencias_emitidas	0.000455502572681242	0.00192119584632118	0.000999661131819722
ctarjeta_visa_descuentos_avg6	0.000451834223867386	0.00322085840437287	0.000745509996611318
catm_trx_other_tend6	0.000445894371385056	0.000753793878312103	0.000965774313791935
ctarjeta_master_trx_avg6	0.000443357735641159	0.00209841984777779	0.000948830904778041
mcuenta_debitos_automaticos_lag1	0.000435670924460059	0.00120558016281357	0.000982717722805829
ctarjeta_debito_trx_delta1	0.000426438479456154	0.000684891909999934	0.000999661131819722
Master_msaldototal_avg6	0.000424331960145639	0.0010170785797467	0.000999661131819722
ccajas_otras_avg6	0.000423599619020501	0.00333111948000132	0.000982717722805829
mpagomiscuentas_lag1	0.000421350915145715	0.000704008722450286	0.000813283632666893
Master_mpagospesos_delta1	0.0004138368431063	0.000751427232228782	0.000898000677736361
cliente_vip_delta1	0.000408257830753273	0.000496494953345662	0.000321924771263978
Visa_mpagosdolares_tend6	0.000405935808308417	0.00111108718051024	0.000965774313791935
ctarjeta_visa_avg6	0.000403884326691354	0.00147785633347111	0.00023720772619451
ctransferencias_emitidas_lag1	0.000402899835284923	0.000487114631046596	0.000745509996611318
ctarjeta_visa_trx_delta1	0.000397770477877089	0.000838654659915675	0.000965774313791935
mforex_sell_tend6	0.000394814619583697	0.00209035535846162	0.000796340223652999
mprestamos_prendarios	0.000392731457502045	0.00454559693141845	0.000576075906472382
mtarjeta_visa_descuentos_avg6	0.000388691038208086	0.00356567723923597	0.00066079295154185
cforex_avg6	0.000381854182426861	0.000889666185595994	0.000813283632666893
Master_msaldopesos_avg6	0.000373595171286071	0.000908530108762438	0.00084717045069468
Visa_mfinanciacion_limite_delta1	0.000364208253636496	0.000588413553065302	0.000491358861402914
Master_mpagado_avg6	0.000363645622151576	0.00120213355649717	0.000728566587597425
mpagomiscuentas_delta1	0.000363021075771007	0.000537882870833535	0.000830227041680786
tmobile_app_lag1	0.000362215347732348	9.38539356318705e-05	0.000609962724500169
matm_other_tend6	0.000361532167885089	0.00128295333245481	0.000914944086750254
Visa_mpagado_delta1	0.000354819846242059	0.000623215903378343	0.000694679769569637
Master_mconsumospesos	0.00035218044972934	0.0011497922139495	0.000745509996611318
ctransferencias_emitidas_delta1	0.000348549883409128	0.00116449011891261	0.000796340223652999
ccajas_depositos_tend6	0.000344131291250055	0.00173630800226201	0.000745509996611318
Visa_mpagado	0.000340540631169547	0.000591384033388149	0.000677736360555744
ctarjeta_debito_trx_lag1	0.000338548946085898	0.00130874349043903	0.000813283632666893
mtarjeta_master_consumo_lag1	0.000335333304571045	0.000670976091682999	0.000525245679430702
ccheques_depositados_avg6	0.000322883494658251	0.00216765810323898	0.000643849542527957
mextraccion_autoservicio_lag1	0.000318078125585063	0.000362537090387591	0.000830227041680786
ccallcenter_trx_delta1	0.000315513461106017	0.000796309604505162	0.000626906133514063
mforex_buy_avg6	0.000314779097014713	0.00370637617690322	0.000643849542527957
tpaquete9	0.000314686037047109	0.000189685158829332	0.000304981362250085
Visa_msaldodolares_tend6	0.0003105688812274	0.00192937742960958	0.000864113859708573
Visa_mlimitecompra_delta1	0.000310350672190715	0.000308677064292186	0.000440528634361234
Master_mconsumospesos_lag1	0.000307038776150236	0.000722414547040483	0.000711623178583531
Visa_status_avg6	0.000300782147587446	0.000320486538953274	0.000372754998305659
mplazo_fijo_dolares_delta1	0.000298953203639239	0.00201239553959549	0.000372754998305659
thomebanking_delta1	0.000298168958545881	0.000215765440295826	0.000338868180277872
ccuenta_debitos_automaticos_lag1	0.000296132903184892	0.00110083530840061	0.00066079295154185
mextraccion_autoservicio	0.000291200339135128	0.000932083350675737	0.000643849542527957
Master_mpagominimo_delta1	0.000290413861435625	0.00115444530938121	0.000779396814639105
Master_msaldopesos_lag1	0.000290006028758378	0.000482336523057489	0.000440528634361234
mcajeros_propios_descuentos_avg6	0.000287392908113658	0.00462307455899174	0.000440528634361234
mtarjeta_master_consumo_avg6	0.000281982279128539	0.000180375092913604	0.000457472043375127
cextraccion_autoservicio_lag1	0.000281821439898806	0.00157838647880596	0.000677736360555744
Visa_mfinanciacion_limite_tend6	0.000280890516908405	0.000469941747015789	0.000474415452389021
mttarjeta_master_debitos_automaticos_avg6	0.000279530738510293	0.000736320425005818	0.000491358861402914
matm_lag1	0.000278345179441325	0.00104911953408155	0.000711623178583531
ctarjeta_master_tend6	0.00027760677068133	0.000136068587107844	0.000101660454083362
mcuenta_debitos_automaticos_delta1	0.00027753174097989	0.00109616738668177	0.000677736360555744
mprestamos_hipotecarios_avg6	0.000277216297205184	0.00372271626164664	0.000406641816333446
tpaquete7_avg6	0.000275844303945714	0.0028543298416168	0.00084717045069468
cpayroll_trx_tend6	0.000273456531434116	0.000649501225656641	0.000677736360555744
tpaquete9_avg6	0.00027128832261896	0.000459643879719944	0.000406641816333446
Master_mlimitecompra_delta1	0.000271140129241476	0.00068769576307309	0.000440528634361234
Visa_msaldodolares_lag1	0.000266942633487533	0.00103854569566843	0.000559132497458489
cforex_buy_tend6	0.000265984768120301	0.00259090698614303	0.000389698407319553
Master_mconsumospesos_delta1	0.000262976549194508	0.000610899470785689	0.000491358861402914
cseguro_vida_tend6	0.000262759179465243	0.001512451958167	0.000508302270416808
Master_msaldototal	0.00026010904502163	0.000496464121407651	0.000559132497458489
Visa_mpagosdolares	0.000259793931680394	0.000548269527371632	0.000542189088444595
minversion1_pesos_avg6	0.000259559336215533	0.00182567243706222	0.000389698407319553
mcaja_ahorro_adicional_avg6	0.000256823611636786	0.00107571991496139	0.000406641816333446
Master_Finiciomora	0.000255023588928693	0.000905819425425458	0.000271094544222298
tcuentas_avg6	0.000255014700293289	0.00128935289711835	0.000406641816333446
matm_delta1	0.000253350968060703	0.00042939117778976	0.000593019315486276
ctarjeta_visa_debitos_automaticos	0.000253027217762382	0.000329681364182664	0.000593019315486276
ctarjeta_visa_debitos_automaticos_delta1	0.000252746431752863	0.000765457954270984	0.000474415452389021
ctarjeta_master_debitos_automaticos_avg6	0.000250302127424698	0.000827473617652309	0.000440528634361234
matm	0.000237859632824099	0.00036880810440249	0.000525245679430702
Visa_mlimitecompra_tend6	0.00023398525935623	0.0029656631273737	0.000491358861402914
mplazo_fijo_dolares_avg6	0.000232646726659093	0.00250241157394534	0.000491358861402914
ctarjeta_master_descuentos_avg6	0.000229825132235397	0.00265154110913258	0.000508302270416808
Master_msaldopesos_delta1	0.000229082559205672	0.00149792876751929	0.000576075906472382
active_quarter_tend6	0.000228738106002882	0.00205549235515577	0.000542189088444595
cforex_tend6	0.00022533981472717	0.00037031330950738	0.000457472043375127
Visa_mpagosdolares_lag1	0.000222861385588156	0.000261025040491374	0.000474415452389021
ccuenta_debitos_automaticos	0.000221029607664825	0.000654427091075453	0.000372754998305659
Master_msaldototal_lag1	0.000218028172609701	0.000262745226759666	0.000474415452389021
cseguro_vida_avg6	0.000215168059318367	0.000973141046313868	0.000508302270416808
cextraccion_autoservicio	0.000213091809714099	0.000477215388697938	0.000355811589291766
ccaja_ahorro_lag1	0.000211821715366253	0.000291801042965075	0.000372754998305659
Master_cconsumos_lag1	0.000211758883671679	0.000213822185798423	0.000406641816333446
mdescubierto_preacordado_lag1	0.0002111475144781	4.71595551953063e-05	0.000118603863097255
cpagomiscuentas_lag1	0.000208963045225209	0.000312359543358403	0.000406641816333446
Master_mpagosdolares_avg6	0.000206385263252907	0.00153793935662878	0.000389698407319553
Master_mconsumosdolares_avg6	0.00020627317125364	0.000582976517701534	0.000389698407319553
Master_status_lag1	0.000205381860430326	0.000624009783662006	0.000135547272111149
ccallcenter_trx_lag1	0.000197739327618862	0.000825011780066384	0.000474415452389021
mcaja_ahorro_adicional	0.000194756328316583	0.000874566117594453	0.000288037953236191
mttarjeta_master_debitos_automaticos_lag1	0.000193490841100474	0.000724268843815099	0.000440528634361234
ctarjeta_debito_lag1	0.000193034937383582	0.000150256164528672	0.000355811589291766
ctarjeta_master_avg6	0.000192226854877421	0.00162509804425715	0.000372754998305659
ccajas_consultas	0.00019138850020892	0.00186984146275095	0.00042358522534734
Master_status_tend6	0.00018981625462073	0.000199776132027483	0.000271094544222298
mttarjeta_master_debitos_automaticos	0.000189427372692712	0.000946915871586774	0.000338868180277872
cplazo_fijo_avg6	0.000188681868983658	0.00138380847674279	0.00042358522534734
cforex_sell_tend6	0.000188062877670958	0.000695580989099401	0.000440528634361234
Master_Finiciomora_lag1	0.000187036889330988	0.0012698511066442	0.000304981362250085
Master_delinquency_tend6	0.000183344676790322	0.00108280974437922	0.000304981362250085
Master_delinquency_avg6	0.000181753386338275	0.000735448706714717	0.000254151135208404
cprestamos_personales_lag1	0.000177754221465389	0.00207213182981092	0.000389698407319553
mttarjeta_master_debitos_automaticos_tend6	0.000176377862109433	0.00171096735034672	0.000593019315486276
cpagomiscuentas	0.000175142412961545	0.000173019401210627	0.000304981362250085
cpagomiscuentas_delta1	0.000173665828129651	0.000678074682088678	0.000474415452389021
Master_mpagado_tend6	0.000172800038619916	0.000421909294165633	0.000406641816333446
mcheques_depositados_avg6	0.000171311183611184	0.0005716706313613	0.000406641816333446
ctarjeta_master_trx_lag1	0.000170163918641766	0.000307460971786355	0.000355811589291766
ccajas_trx_delta1	0.000169035244408208	0.000212779965205312	0.000321924771263978
cprestamos_prendarios_tend6	0.000167963707507079	0.00521515947140791	0.000491358861402914
mtarjeta_master_consumo_delta1	0.000165713792173423	0.000855793173917223	0.000389698407319553
Master_mconsumosdolares_tend6	0.000164131254043631	0.00167671744770985	0.000609962724500169
mcheques_emitidos_avg6	0.000161939444116716	0.00154377788110884	0.000372754998305659
Master_madelantopesos_avg6	0.000160580290918804	0.00213336186845483	0.000372754998305659
Visa_msaldodolares	0.000159686975799189	0.00106117802297423	0.000389698407319553
ccaja_seguridad_lag1	0.000157716106849445	9.99652300990381e-05	5.08302270416808e-05
ctarjeta_master_debitos_automaticos_tend6	0.000157563238210345	0.000626808076877488	0.000355811589291766
mforex_sell_lag1	0.000157327913410511	0.000107859891035342	0.000288037953236191
cseguro_vivienda_avg6	0.000156858400803826	0.000999188642556459	0.000338868180277872
mcaja_ahorro_adicional_tend6	0.000156337934309684	0.00106214510124847	0.000338868180277872
catm_trx	0.000156330039857926	0.00102789267140357	0.000389698407319553
catm_trx_lag1	0.000153050018064197	0.000535513023620037	0.000321924771263978
ccomisiones_mantenimiento_lag1	0.000150605951158335	0.000248417136572162	0.000288037953236191
Visa_Finiciomora_delta1	0.000148807408085969	0.000657464121209855	0.000101660454083362
Visa_msaldodolares_delta1	0.000147865890365563	0.00113293017650684	0.000406641816333446
matm_other_lag1	0.000147432680127357	9.40544274692132e-05	0.00018637749915283
Visa_fechaalta_delta1	0.000145857084926939	2.70876265887391e-05	0.000254151135208404
Master_cconsumos	0.000142410773264045	0.000551889837120219	0.000338868180277872
mforex_buy_tend6	0.000141949186362008	0.00222806191333639	0.000355811589291766
mplazo_fijo_dolares_lag1	0.000140499103590021	0.00211354704114556	0.000576075906472382
Master_Finiciomora_avg6	0.000138081099850962	0.00173315269879163	0.000304981362250085
Visa_mpagado_lag1	0.000137551676306773	0.000121352486246894	0.000254151135208404
mcheques_depositados_tend6	0.000137414777681334	0.000745084108544654	0.000321924771263978
Master_msaldototal_delta1	0.000132738089787829	0.000519829002082169	0.000304981362250085
cextraccion_autoservicio_delta1	0.000132187344190215	0.000187561293197785	0.000355811589291766
ctarjeta_visa_descuentos_tend6	0.000131591780630058	0.000876733788165252	0.000288037953236191
thomebanking_lag1	0.000130630020825145	0.000244915942562232	0.000288037953236191
mprestamos_hipotecarios	0.000130084609042374	0.00199409585774271	0.000169434090138936
mttarjeta_master_debitos_automaticos_delta1	0.000129786497273771	0.00148757782885473	0.000457472043375127
ccheques_emitidos_avg6	0.00012765975832174	0.0021821998267456	0.000304981362250085
mcaja_ahorro_adicional_lag1	0.000124742096640593	0.000795857739708731	0.00023720772619451
mforex_sell_delta1	0.000124148526573489	0.000309539347673295	0.000406641816333446
Master_Fvencimiento_delta1	0.000123130104423135	0.000124393728394686	0.000220264317180617
cpagodeservicios_avg6	0.000122189203324402	0.00211532552167916	0.000288037953236191
matm_other_delta1	0.000120232646347709	0.000642330862542804	0.000338868180277872
mdescubierto_preacordado	0.000119874107203598	0.000152002296799445	0.000220264317180617
mcheques_depositados_delta1	0.000118886986176081	0.00235466290522774	0.000372754998305659
ccheques_depositados_tend6	0.000118694696144232	0.00122829184445164	0.000321924771263978
ctarjeta_master_trx	0.000117531870474356	0.00102998604205818	0.000304981362250085
Visa_mconsumototal_avg6	0.000115360530674826	4.60078222540674e-05	0.000220264317180617
Visa_mconsumototal_lag1	0.000114705648131123	0.000135391969276946	0.000288037953236191
cliente_vip	0.000114646555748833	0.000396762731827334	0.000152490681125042
mes	0.000112308307571901	2.17912724721819e-05	6.77736360555744e-05
minversion2_avg6	0.000109377505153605	0.000916576907622372	0.000152490681125042
cseguro_auto_avg6	0.000106441770616222	0.00062813435565359	0.00023720772619451
mprestamos_prendarios_delta1	0.000105980172679566	0.0030022673770148	0.000271094544222298
ccajas_consultas_delta1	0.000101628159643137	0.00077220846389015	0.00023720772619451
catm_trx_other	0.000101067810829498	0.000296649238856984	0.00018637749915283
cseguro_accidentes_personales	0.000101003502489224	4.94498795960086e-05	0.000169434090138936
Master_msaldodolares_tend6	9.803974386191e-05	0.00032517164568674	0.000220264317180617
matm_other	9.78451730453431e-05	0.000315305594003591	0.000203320908166723
mtarjeta_master_descuentos_avg6	9.65468524960472e-05	0.00224123675425784	0.000271094544222298
ccajas_extracciones	9.53107327458384e-05	9.46220383935891e-05	0.000169434090138936
mcheques_emitidos_tend6	9.43171038199336e-05	0.00160433045951917	0.000220264317180617
tpaquete7	9.2277007082843e-05	0.000443801654959164	0.000220264317180617
ccuenta_debitos_automaticos_delta1	9.20773903838181e-05	0.000392563354477952	0.000254151135208404
catm_trx_other_delta1	9.18715774966161e-05	4.45941020799985e-05	0.00018637749915283
Visa_Fvencimiento_delta1	9.027483455417e-05	0.00023922888208366	0.000220264317180617
Master_msaldodolares	8.96199689539476e-05	0.00135507833341266	0.000254151135208404
mcajeros_propios_descuentos_tend6	8.80609032580092e-05	0.000255488433131076	0.000152490681125042
active_quarter	8.76761469963505e-05	1.23009323833808e-05	0.000118603863097255
mprestamos_prendarios_avg6	8.75827808714408e-05	0.00228117236952899	0.000254151135208404
cseguro_vida_lag1	8.59239518899533e-05	0.000660703833428562	0.00018637749915283
Master_mpagosdolares_tend6	8.56229250595677e-05	0.00100595667415133	0.000220264317180617
catm_trx_delta1	8.32401385053227e-05	0.000689844226862833	0.000288037953236191
Master_fechaalta_delta1	8.16960554025527e-05	3.11001590241612e-05	0.00018637749915283
ctarjeta_master_debitos_automaticos_lag1	8.13303339312111e-05	9.82986206410605e-05	0.000169434090138936
mtarjeta_visa_descuentos_tend6	8.06313583994851e-05	0.000245969788312297	0.00018637749915283
Visa_delinquency_delta1	7.86305688290308e-05	0.000154567581434217	6.77736360555744e-05
Master_msaldodolares_avg6	7.80363034384982e-05	0.000503599946011693	0.00018637749915283
minversion1_pesos_tend6	7.58909825605056e-05	0.0013391447922016	0.00018637749915283
cforex_buy_avg6	7.48076588344795e-05	0.000199677065472561	0.000101660454083362
ccajas_trx_lag1	7.46695782944753e-05	1.69752563625691e-05	0.000118603863097255
mprestamos_prendarios_tend6	7.29402160233336e-05	0.00281109739922538	0.000271094544222298
ccajeros_propios_descuentos_tend6	7.04922602326952e-05	0.000323540080180163	0.000135547272111149
ctarjeta_master_descuentos_tend6	7.04556833869488e-05	0.000142620458175558	0.000101660454083362
cinversion2_avg6	7.04537324661711e-05	0.00122656003302639	0.000169434090138936
minversion2	7.04226746389026e-05	0.00145878905429822	0.000135547272111149
mcaja_ahorro_adicional_delta1	6.91723581028362e-05	0.00088836669522505	0.00023720772619451
cpayroll_trx_delta1	6.90604390089428e-05	0.000227065429817314	0.000169434090138936
ctarjeta_master_trx_delta1	6.81099651283794e-05	0.000685193658639161	0.000203320908166723
cseguro_accidentes_personales_lag1	6.74366040103872e-05	5.15141031179599e-05	0.000101660454083362
tpaquete7_delta1	6.66812911205713e-05	0.00159540806731581	0.000135547272111149
tcallcenter_lag1	6.63622814016961e-05	8.88541072579377e-05	0.000118603863097255
Visa_mconsumototal_tend6	6.57507379323158e-05	1.22192193236235e-05	6.77736360555744e-05
cseguro_vivienda_lag1	6.55073680403662e-05	0.000156601646940299	0.000135547272111149
tpaquete9_lag1	6.53234849293748e-05	7.70941658743108e-05	0.000101660454083362
Master_Finiciomora_tend6	6.4728789473435e-05	0.00097930136861689	0.00018637749915283
tcuentas_tend6	6.32556873811181e-05	0.000668472302443714	0.000152490681125042
Master_mpagado_lag1	6.31998143313523e-05	0.000193596434462869	0.000118603863097255
Visa_cadelantosefectivo_tend6	6.29487184969681e-05	0.000327215651544421	0.000118603863097255
catm_trx_other_lag1	6.2782842532832e-05	0.000253180586754674	0.000169434090138936
ccajas_consultas_lag1	6.26329785851035e-05	0.00124942469499077	0.000169434090138936
Master_mconsumosdolares_lag1	6.22582776385201e-05	0.000175121027411478	0.000118603863097255
cseguro_accidentes_personales_tend6	6.15185446351627e-05	0.000717210183296353	0.000152490681125042
Master_cadelantosefectivo_avg6	6.09261276502304e-05	0.000403473143079032	0.000101660454083362
mpagodeservicios_avg6	6.02330401916207e-05	0.00161089867319883	0.000152490681125042
Visa_mconsumototal	6.01358888361698e-05	4.54605974744969e-05	0.000152490681125042
mcheques_depositados	5.94318042754841e-05	0.00037509815671791	0.000135547272111149
ccheques_depositados_rechazados_avg6	5.8759697188637e-05	0.00177779532326587	0.000152490681125042
ccajas_extracciones_lag1	5.53584554691679e-05	9.3471990257706e-05	0.000118603863097255
cpagodeservicios_tend6	5.50733564895173e-05	0.00109283854825974	0.000304981362250085
ccajas_trx	5.44608912378341e-05	9.1329086325638e-05	0.000135547272111149
minversion2_tend6	5.38832347298526e-05	0.000326753172474248	0.000101660454083362
ccheques_emitidos_tend6	5.36775048514678e-05	0.00193249347711517	0.00018637749915283
Master_delinquency	5.2377014539967e-05	8.3220960550752e-06	3.38868180277872e-05
cprestamos_personales_delta1	5.18265020575947e-05	0.000636696536471869	0.000152490681125042
mforex_sell	4.86050486085021e-05	0.000291415222538592	0.000152490681125042
Master_mpagosdolares	4.82802286995689e-05	0.000248522773867972	0.000101660454083362
cinversion1_avg6	4.82761115761412e-05	0.000259740713368632	0.000101660454083362
Master_mpagado_delta1	4.8139606940022e-05	0.000333526763926789	0.000169434090138936
Master_cconsumos_delta1	4.81291965059652e-05	0.00019727571239891	0.000135547272111149
Visa_cadelantosefectivo_avg6	4.80111146837096e-05	0.00130093761874498	0.000135547272111149
Master_mpagosdolares_delta1	4.7765561423157e-05	0.000229382205662103	0.000101660454083362
Master_mpagado	4.77512366090132e-05	0.000462791096124616	0.000169434090138936
cprestamos_hipotecarios_avg6	4.68183679659762e-05	0.000867260127649473	0.000135547272111149
Master_mconsumototal_avg6	4.64049074546621e-05	0.000327924954599222	8.4717045069468e-05
mcheques_emitidos_rechazados_delta1	4.51288241559177e-05	7.05936813699487e-05	5.08302270416808e-05
Master_msaldodolares_lag1	4.44554156513527e-05	0.000196280497875227	8.4717045069468e-05
minversion1_pesos	4.44446230545971e-05	0.000636153018264082	8.4717045069468e-05
ctarjeta_debito_delta1	4.40457361169118e-05	0.00105141676618422	0.000135547272111149
ccajeros_propios_descuentos_avg6	4.16686891756525e-05	0.00118720466471978	0.000101660454083362
ccajas_otras	4.12758102947759e-05	0.000653186905853033	0.000118603863097255
tpaquete9_tend6	4.04712407132162e-05	0.000131963221897316	6.77736360555744e-05
cliente_vip_avg6	3.85669358647957e-05	0.00128370441868243	0.000118603863097255
cseguro_vivienda_tend6	3.82027575316375e-05	0.000567997587205076	0.000101660454083362
mpagodeservicios_tend6	3.76952862244495e-05	0.00078053190778951	0.000220264317180617
tcallcenter_delta1	3.68706102486095e-05	6.62470520324675e-05	0.000101660454083362
cliente_edad_delta1	3.56409221155303e-05	5.1343937777022e-05	0.000101660454083362
tpaquete7_lag1	3.50423256723283e-05	0.000172929938046233	8.4717045069468e-05
cinversion1_tend6	3.5031366212544e-05	0.000401760875395911	0.000118603863097255
mtarjeta_visa_descuentos_delta1	3.43071816469789e-05	7.45152343161565e-05	6.77736360555744e-05
cprestamos_prendarios_avg6	3.41147794535593e-05	0.000504613187952683	8.4717045069468e-05
minversion1_pesos_lag1	3.30809682800738e-05	0.00032752953078221	5.08302270416808e-05
cliente_vip_lag1	3.21051337108403e-05	1.23632701815462e-05	5.08302270416808e-05
minversion2_delta1	3.19432331998522e-05	0.000199003311810768	8.4717045069468e-05
ccheques_emitidos_rechazados_tend6	3.17635443122448e-05	0.00139900339928586	0.000101660454083362
Visa_delinquency_lag1	3.07895963070388e-05	1.97548482386017e-05	5.08302270416808e-05
tcuentas_delta1	3.03804850021233e-05	0.00200244086715062	0.000135547272111149
cinversion2_tend6	2.98160424157367e-05	0.00060155890989302	0.000101660454083362
mcheques_depositados_rechazados_avg6	2.8823166691621e-05	0.00040994060539842	5.08302270416808e-05
ccajas_depositos_lag1	2.85307074070017e-05	0.000300714337219508	6.77736360555744e-05
Master_mconsumototal_lag1	2.80085719800105e-05	8.00518416764537e-06	5.08302270416808e-05
active_quarter_delta1	2.78916813271626e-05	9.09097382725743e-05	6.77736360555744e-05
cforex_sell_lag1	2.75818502762142e-05	0.00036717131599931	6.77736360555744e-05
minversion1_pesos_delta1	2.68784731058477e-05	0.000304934774635838	8.4717045069468e-05
Master_mpagosdolares_lag1	2.57426740852626e-05	0.000287432174196897	0.000101660454083362
mtarjeta_master_descuentos	2.57233258583503e-05	0.000299321508631851	5.08302270416808e-05
Master_delinquency_lag1	2.56797808281885e-05	7.70444641163142e-06	3.38868180277872e-05
Visa_status_lag1	2.23754427191583e-05	3.07541000040756e-05	5.08302270416808e-05
mprestamos_prendarios_lag1	2.21545777562788e-05	0.000140283127705429	5.08302270416808e-05
ctarjeta_visa_delta1	2.21196477029506e-05	0.000114535763777245	5.08302270416808e-05
cinversion2	2.17931542337473e-05	0.000500209780674711	5.08302270416808e-05
Master_msaldodolares_delta1	2.14033530863059e-05	0.000392566892569199	6.77736360555744e-05
cseguro_auto_tend6	2.12289881535751e-05	0.00102937614251937	8.4717045069468e-05
cseguro_vivienda	2.0353289555275e-05	2.92953955270063e-05	6.77736360555744e-05
ccaja_seguridad_tend6	2.03241469108542e-05	0.00150856730245808	0.000118603863097255
cforex_sell_delta1	2.0267898114487e-05	8.96688791280125e-05	5.08302270416808e-05
mcheques_emitidos_delta1	2.0013674143372e-05	2.12295583665514e-05	3.38868180277872e-05
Visa_delinquency	1.97073804355706e-05	0.000194923387161113	5.08302270416808e-05
ccajas_otras_lag1	1.95760146396823e-05	0.00037195616320984	6.77736360555744e-05
cprestamos_hipotecarios_tend6	1.93177749212593e-05	5.21701663235164e-05	3.38868180277872e-05
cplazo_fijo_lag1	1.87389013303113e-05	5.36657680378782e-05	3.38868180277872e-05
ccajas_depositos_delta1	1.84944963198349e-05	0.000152823470929872	5.08302270416808e-05
cseguro_vida	1.81314203095976e-05	1.7860116135446e-05	5.08302270416808e-05
ccheques_emitidos_rechazados_delta1	1.78811665234895e-05	1.22268009477247e-05	1.69434090138936e-05
ccheques_emitidos_lag1	1.7754095544003e-05	0.000374595410799733	5.08302270416808e-05
active_quarter_lag1	1.74729539349621e-05	1.1869116770684e-05	3.38868180277872e-05
ctarjeta_master_lag1	1.7076578432245e-05	1.21373377833306e-06	1.69434090138936e-05
Master_mconsumototal_delta1	1.69455019569682e-05	7.0980175718574e-05	5.08302270416808e-05
Master_mconsumosdolares_delta1	1.56976074843487e-05	6.54550250346963e-05	5.08302270416808e-05
mtarjeta_visa_descuentos	1.55744504489038e-05	0.000131809736129401	5.08302270416808e-05
Visa_mconsumototal_delta1	1.55281493266756e-05	1.1630885293371e-05	6.77736360555744e-05
cforex	1.55270877250613e-05	2.6163342370536e-06	1.69434090138936e-05
mcheques_emitidos_lag1	1.5450029913898e-05	1.1820762856972e-05	5.08302270416808e-05
ccajas_depositos	1.4665946566708e-05	1.40431896018348e-05	3.38868180277872e-05
ctarjeta_master_debitos_automaticos_delta1	1.45195816613171e-05	3.79519254452118e-05	3.38868180277872e-05
mcheques_emitidos_rechazados_avg6	1.42274729750448e-05	2.16042590776859e-05	3.38868180277872e-05
minversion2_lag1	1.36759814193356e-05	0.000220291164442631	3.38868180277872e-05
mcheques_emitidos	1.25734124621145e-05	3.95472676366382e-05	1.69434090138936e-05
Visa_madelantopesos_tend6	1.22803808010884e-05	7.77205765056049e-05	3.38868180277872e-05
ctarjeta_master_debitos_automaticos	1.18269735423371e-05	9.2689566650463e-06	3.38868180277872e-05
Visa_mpagosdolares_delta1	1.1504430324634e-05	4.04223555384514e-05	3.38868180277872e-05
Master_mconsumototal_tend6	1.09021508101128e-05	2.19934491148804e-06	3.38868180277872e-05
Master_madelantopesos_lag1	1.07810462139475e-05	1.56867172264376e-05	1.69434090138936e-05
mtarjeta_visa_descuentos_lag1	1.06774902227923e-05	2.78592674417049e-05	3.38868180277872e-05
mforex_buy_delta1	1.0223023071013e-05	0.000195547944506516	1.69434090138936e-05
cseguro_vivienda_delta1	1.00976242279747e-05	9.82106738014867e-05	1.69434090138936e-05
Visa_cadelantosefectivo_lag1	9.2064626389946e-06	1.88327542673612e-06	1.69434090138936e-05
ccheques_depositados_delta1	8.99811022303832e-06	0.00050648652302782	3.38868180277872e-05
ctarjeta_visa_descuentos_lag1	8.92973373880951e-06	9.20749496566597e-05	1.69434090138936e-05
Master_cadelantosefectivo_tend6	8.60593499494837e-06	0.000105810662281057	1.69434090138936e-05
mcheques_depositados_lag1	8.56185802492192e-06	0.000396898695619549	5.08302270416808e-05
cforex_buy	8.14092159430023e-06	2.17890822252194e-05	1.69434090138936e-05
ccheques_emitidos_delta1	7.98587877914748e-06	8.80546671166009e-06	1.69434090138936e-05
cseguro_auto	7.78244253547345e-06	6.74053557145941e-05	1.69434090138936e-05
cinversion2_lag1	7.71284042534665e-06	0.000122187981222846	1.69434090138936e-05
Master_mconsumototal	7.3579818608663e-06	7.9598629035738e-06	1.69434090138936e-05
cforex_lag1	6.92183388651352e-06	2.71034637590839e-06	1.69434090138936e-05
cforex_delta1	6.82558295603697e-06	7.75650689712627e-06	1.69434090138936e-05
mcheques_emitidos_rechazados_lag1	6.7950334331894e-06	0.000447820421174402	3.38868180277872e-05
ccajas_extracciones_delta1	6.77041526764414e-06	0.000449810176299626	0.000118603863097255
Visa_madelantopesos_lag1	6.75674173633755e-06	2.34204792512603e-06	1.69434090138936e-05
cforex_sell	6.70509686810829e-06	0.000100198407160284	1.69434090138936e-05
mcheques_emitidos_rechazados	6.43091176814315e-06	0.00041675042016611	3.38868180277872e-05
cplazo_fijo_delta1	6.01336716606954e-06	5.24311426731329e-06	1.69434090138936e-05
Master_delinquency_delta1	5.79768206728958e-06	1.54210234218247e-06	1.69434090138936e-05
tpaquete1	5.27162714335136e-06	0.000148192614928863	1.69434090138936e-05
Master_madelantopesos	5.15783301838798e-06	1.47403620580733e-06	1.69434090138936e-05
mcajeros_propios_descuentos_lag1	5.07211381379691e-06	1.43769495428228e-05	1.69434090138936e-05
tcuentas_lag1	4.66987814487287e-06	3.32201496033901e-05	1.69434090138936e-05
Visa_madelantopesos_avg6	4.62046312413296e-06	0.00031338929639188	3.38868180277872e-05
mprestamos_hipotecarios_lag1	4.48827706444368e-06	0.000188101441794861	1.69434090138936e-05
cseguro_vida_delta1	4.07475276590812e-06	8.42043814369444e-05	1.69434090138936e-05
cpagodeservicios_lag1	3.76249609195803e-06	0.000184824663858326	1.69434090138936e-05
ctarjeta_visa_descuentos	3.46372073335703e-06	9.90589732981423e-05	1.69434090138936e-05
Master_mconsumosdolares	2.57850815707092e-06	7.69128808180246e-05	3.38868180277872e-05
mtarjeta_master_descuentos_tend6	2.50143553815979e-06	0.000210380128456482	1.69434090138936e-05
ccheques_emitidos	2.27406200057668e-06	0.000201510133699693	1.69434090138936e-05
Master_madelantopesos_tend6	2.11160776524875e-06	8.9395772179834e-07	1.69434090138936e-05
minversion1_dolares_avg6	1.19660260543665e-06	0.000270439395858627	6.77736360555744e-05
ctarjeta_visa_descuentos_delta1	5.52561860434883e-07	9.6756518298878e-05	3.38868180277872e-05
mpagodeservicios_delta1	4.57242323059133e-07	6.5452329346127e-05	1.69434090138936e-05
