Feature	Gain	Cover	Frequency
ctrx_quarter	0.0889635898752006	0.0155256147923482	0.00443257868467711
mdescubierto_preacordado_delta1	0.0314852870088049	0.000840713944491379	0.000133233578961393
mtarjeta_visa_consumo	0.0299193506718548	0.0097478379108518	0.00213173726338229
mcaja_ahorro	0.0256768258045495	0.00331342042130041	0.00399700736884179
ctarjeta_visa_trx	0.0171738003673317	0.00722726579295635	0.00232646326340279
mcuenta_corriente_tend6	0.0169784232123892	0.00432800759430599	0.00587252621114448
cpayroll_trx	0.0146611137369354	0.00697614639589617	0.000445820052678507
mpasivos_margen	0.0146140599785254	0.00472044853283203	0.00481178194787492
mcuentas_saldo	0.014248970663773	0.0116256401843657	0.00572391952691831
cprestamos_personales_tend6	0.0118606099193153	0.00340019431403085	0.00105049552642637
mcuenta_corriente	0.0102567233458219	0.00304590260536789	0.00534984063214209
foto_mes	0.00894093526201237	0.00498926993403104	0.00479128447418856
mpayroll	0.00881725799654649	0.00894696917800872	0.000948008157994527
mprestamos_personales	0.00819112940527625	0.00930960391007948	0.00202412552652886
mcaja_ahorro_lag1	0.0078035884137592	0.00631020029218016	0.0046324290531192
ctrx_quarter_avg6	0.00692342258930839	0.00392636554018301	0.00503212979000338
mdescubierto_preacordado	0.00641270978170422	0.000866141627415977	0.000620048579012637
cliente_edad	0.00628304354464545	0.00527898845716092	0.00941858915888617
numero_de_cliente	0.00571708589777731	0.0045152940495628	0.00904451026410995
cliente_edad_avg6	0.00535242675020357	0.00515750547355199	0.00777879126397672
ctrx_quarter_delta1	0.00497716543375356	0.00327534164150537	0.00689739989546288
mcuenta_corriente_avg6	0.00494519122130471	0.00537175850540732	0.00687177805335492
ctrx_quarter_tend6	0.0049394549692689	0.00282484000461902	0.00702038473758109
mrentabilidad_annual_tend6	0.0049101320036589	0.00397378672422248	0.00748157789552438
ctarjeta_visa_tend6	0.00478808337697906	0.00374860305350041	0.000399700736884179
mprestamos_personales_tend6	0.00478576678436788	0.00458866468734334	0.00294651184241542
Master_fechaalta	0.0047768652003574	0.00372495799040427	0.00588789931640925
mcuentas_saldo_tend6	0.00464715646029525	0.00218255476346294	0.00504237852684657
mcomisiones_otras	0.00461813335888174	0.00197470945020492	0.00389964436883154
mrentabilidad_annual_delta1	0.00452227288218921	0.00308930658148302	0.00692302173757085
Visa_Fvencimiento_avg6	0.00450597969302148	0.00284729492777884	0.00693839484283562
Visa_status_tend6	0.00448802667701845	0.00163656349849746	0.000538058684267164
mrentabilidad_annual_lag1	0.00446479025070292	0.00282975972453642	0.00696914105336517
mactivos_margen_tend6	0.00440463426539204	0.00460305243019268	0.00600063542168428
Visa_Fvencimiento	0.00435580354910779	0.00306456047706602	0.00728685189550388
cliente_edad_lag1	0.00430623575190556	0.00393364598489903	0.00662068400069691
Master_Fvencimiento_avg6	0.00430445667787968	0.00240021879594751	0.00606725221116497
mrentabilidad_annual_avg6	0.00420192838213998	0.00263270907115351	0.00625685384276388
mcaja_ahorro_avg6	0.00409049209882478	0.00405060125659787	0.00619023705328318
Master_Fvencimiento	0.0040778154185256	0.00284819938232892	0.00654381847437303
Master_fultimo_cierre_avg6	0.00401273570034763	0.00334186321173289	0.00581615815850696
mactivos_margen_avg6	0.00400649922475866	0.00377315542023028	0.00470929457944308
mactivos_margen	0.00392738618610451	0.00268130459566551	0.00404825105305771
Visa_Fvencimiento_lag1	0.00392597629361717	0.00329361929004212	0.00702038473758109
mcomisiones_tend6	0.00392190634502811	0.00168242545676616	0.00430446947413731
mrentabilidad_annual	0.00390895413780813	0.0028422644821111	0.00514486589527841
Visa_fechaalta	0.00382934144924233	0.00170842865458489	0.00523710452686706
mrentabilidad_avg6	0.00382428930681944	0.00199704082673806	0.00435571315835323
Master_Fvencimiento_lag1	0.00377749117731333	0.00204346742158155	0.00583665563219333
chomebanking_trx_avg6	0.0037176461243958	0.00210005721576376	0.0058571531058797
Visa_fechaalta_avg6	0.00370933546734049	0.00198785576961252	0.00503212979000338
ctrx_quarter_lag1	0.00368505680455366	0.00338400698635505	0.00466317526364876
Visa_msaldototal	0.00366706236560981	0.00154156028669699	0.00187039447388109
mpasivos_margen_lag1	0.00362616066752499	0.00211586962993404	0.00498601047420905
ccomisiones_mantenimiento_tend6	0.00362537047181134	0.00550151768846244	0.00229571705287323
mpayroll_lag1	0.00355167901253003	0.00196247872267433	0.000860893894827463
Master_fechaalta_lag1	0.0035395357431579	0.00203825670662205	0.00474516515839423
Visa_mpagospesos	0.00351624002433157	0.00176662442541022	0.00281840263187562
cliente_antiguedad	0.00351217775676877	0.00255583315397618	0.00594426736904677
tcallcenter_tend6	0.00348932459701898	0.00429756513567364	0.00243407500025622
cpayroll_trx_avg6	0.0034560214758278	0.00335279281456922	0.00117348036854458
mcaja_ahorro_dolares_delta1	0.00345563926662892	0.0041112485343867	0.00282865136871881
mcomisiones_mantenimiento_tend6	0.00343109156059966	0.0057286119287689	0.00403800231621453
Visa_fultimo_cierre_avg6	0.00338776321944858	0.00261462399476967	0.0052114826847591
cproductos_tend6	0.00334377534722646	0.00466933156930369	0.00249556742131532
chomebanking_trx_tend6	0.00330630345656221	0.00188189122654434	0.0053447162637205
chomebanking_trx	0.00329400399532749	0.00185964881912288	0.00497063736894428
mcuentas_saldo_lag1	0.00329369956692243	0.00335653586294566	0.00530884568476935
mcuentas_saldo_delta1	0.00327851564266508	0.00291003382146664	0.00517048773738637
mpasivos_margen_tend6	0.00325828688349693	0.00271443982684366	0.00500138357947383
cliente_antiguedad_avg6	0.00321898489777147	0.00306378941143154	0.00526272636897502
mrentabilidad_tend6	0.00321669120507957	0.002491866305242	0.00531909442161254
Visa_mfinanciacion_limite	0.00320704593319102	0.00283994468051379	0.00462730468469761
ccomisiones_otras_tend6	0.00320581693198155	0.00317705123470994	0.00569829768481035
Master_fechaalta_avg6	0.00319789855807803	0.00226259834362638	0.00447357363204985
ctransferencias_recibidas_avg6	0.00317210773471544	0.00293766306901773	0.00556506410584895
Master_mfinanciacion_limite	0.00315653158516978	0.00244644271734157	0.0051499902637
Visa_fechaalta_lag1	0.0031554025338293	0.00150535801698653	0.0046324290531192
Visa_msaldopesos	0.00313969252297015	0.0029646173427551	0.0030285017371609
mcaja_ahorro_delta1	0.00308639447112764	0.00254372532555327	0.00364342594775194
mactivos_margen_delta1	0.0030764760293484	0.00278019110845951	0.00502700542158179
mcaja_ahorro_tend6	0.00307135405383306	0.00217362534684168	0.00519098521107274
Master_status	0.00304644316382255	0.00109806376944454	0.000322835210560298
mactivos_margen_lag1	0.00303987288898577	0.00283623413759153	0.00459143410574647
ccomisiones_otras_avg6	0.00297808727257777	0.00342044158588551	0.00499625921105224
mcuenta_corriente_lag1	0.00297557205085038	0.00274162332230979	0.00482203068471811
mcomisiones_avg6	0.00296672426226045	0.00199715142298459	0.00413024094780318
Visa_cconsumos_avg6	0.00291604557841785	0.00222877169165171	0.00401750484252816
mpasivos_margen_delta1	0.00286028730969191	0.00101118316558161	0.00353581421089851
cproductos_avg6	0.00285323978183691	0.00408862422025444	0.00485790126366925
internet_avg6	0.0028474792140903	0.0041055065948332	0.00417123589517592
mcuentas_saldo_avg6	0.00280253862305938	0.00161270501313635	0.00397650989515542
thomebanking_avg6	0.00278697948696143	0.00248646936381585	0.00412511657938159
mcomisiones_otras_avg6	0.00278515621409442	0.00255217518959736	0.00409437036885204
mcuenta_corriente_delta1	0.00276493377159044	0.00377368483177105	0.00473491642155104
mtarjeta_visa_debitos_automaticos_tend6	0.0027628667692758	0.00264757973367886	0.00273128836870856
mcomisiones_mantenimiento_avg6	0.0027592732944673	0.00252215996400636	0.00378178389513492
cliente_antiguedad_lag1	0.00274506531920273	0.00289698760849764	0.00468367273733512
mrentabilidad	0.00273171994348001	0.0020479913778814	0.00427884763202935
cpayroll_trx_lag1	0.00268979478142836	0.00245467009385458	0.000389452000040995
mrentabilidad_lag1	0.00268312164941001	0.00144760618519294	0.00472466768470786
ctarjeta_visa_trx_tend6	0.00267839498022122	0.00217005829413155	0.00305412357926886
Visa_mpagospesos_tend6	0.00265758631344194	0.00212824915733262	0.00430959384255891
ctarjeta_visa_debitos_automaticos_tend6	0.00260713293690728	0.00173298115081855	0.00219835405286298
chomebanking_trx_delta1	0.00258568735446642	0.00272646140573473	0.00423785268465662
mprestamos_personales_delta1	0.00257148696861711	0.00411347366870508	0.00155268363174239
mtransferencias_recibidas_avg6	0.0025554317973859	0.00299816776312105	0.00436596189519642
mrentabilidad_delta1	0.00253886676926153	0.00170016501700744	0.00423272831623502
chomebanking_trx_lag1	0.00253421643233703	0.00126548550707649	0.00447357363204985
Visa_mpagominimo	0.00253384265510418	0.0028297492347285	0.00279278078976766
cproductos	0.00251134345379658	0.0042937727463488	0.00208561794758796
mprestamos_personales_avg6	0.00250973562820019	0.00272490930267305	0.00193701126336179
cmobile_app_trx_avg6	0.00248076989647583	0.00157680228571889	0.00403800231621453
Master_mfinanciacion_limite_avg6	0.0024733855723344	0.00197297073216519	0.00389964436883154
mtransferencias_recibidas	0.00246451660541508	0.00430431552132987	0.00262367663185512
mpasivos_margen_avg6	0.00245158950778279	0.00280187405945824	0.0045043198425794
ctransferencias_recibidas_tend6	0.00244136410572429	0.00325558233997498	0.00437108626361801
Visa_mconsumospesos_avg6	0.00243352512198663	0.00217130943035841	0.00410461910569522
ctarjeta_master_tend6	0.00241322798799092	0.0023122756133928	0.000338208315825075
mcaja_ahorro_dolares_avg6	0.00237527130521712	0.00151652111517706	0.00346919742141781
Visa_mfinanciacion_limite_avg6	0.00236225040666855	0.00163742974942608	0.00369466963196786
mcomisiones_otras_lag1	0.00236218278835746	0.00105076393046713	0.0036690477898599
mcomisiones_lag1	0.00235584473458094	0.00120539729719899	0.00393039057936109
mcomisiones_otras_tend6	0.00234006411537332	0.00174944820670572	0.00401238047410657
mtransferencias_recibidas_tend6	0.00230193611611531	0.00232130979858952	0.00387914689514517
Visa_mpagominimo_avg6	0.00228162728601142	0.00316288662691068	0.00308999415822
ccallcenter_trx_avg6	0.00227036249231698	0.00251040632848071	0.00298750678978816
cproductos_delta1	0.00225410712888781	0.00183805289467879	0.000640546052699005
mes	0.00223370498473284	0.00327223769438962	0.00264929847396308
mcomisiones	0.00219907140660264	0.00120862906456688	0.00338208315825075
Visa_fultimo_cierre	0.00216298490931326	0.00251125574391513	0.00413536531622477
mcomisiones_delta1	0.0021589371291281	0.00131684800981259	0.00320785463191662
thomebanking_tend6	0.00215763850542526	0.0031310534269534	0.00393039057936109
Visa_cconsumos_tend6	0.00214476348339353	0.00121390453142717	0.00356143605300647
Visa_mpagospesos_avg6	0.00213514653007348	0.00151934507507385	0.00355631168458488
mtransferencias_emitidas_avg6	0.00207101349852799	0.00290259007245686	0.00297725805294497
Master_mfinanciacion_limite_lag1	0.00205023891887268	0.00216036972622556	0.00340258063193711
Master_Fvencimiento_tend6	0.00203045786183797	0.0013406066477427	0.00280302952661085
ccomisiones_mantenimiento_avg6	0.00202521949785768	0.00330359613341038	0.00246994557920736
Master_fultimo_cierre_tend6	0.00201383017700553	0.0034750032210315	0.00293113873715065
Visa_mconsumototal	0.00200533609118086	0.000941414417033812	0.00184989700019473
ctransferencias_emitidas_avg6	0.00200456332685408	0.00158898444932389	0.00289014378977791
Visa_fultimo_cierre_lag1	0.00198269432873155	0.0020216084749165	0.00362805284248716
Visa_Fvencimiento_tend6	0.00198146235879568	0.00176157351814183	0.00268516905291423
mcomisiones_mantenimiento	0.00197992946660337	0.0029862887679155	0.00165004663175264
ccomisiones_otras	0.0019653065782422	0.00237531948853327	0.00259805478974716
Visa_mconsumospesos_tend6	0.00196360468175501	0.00108628501018139	0.0032181033687598
Master_mlimitecompra_avg6	0.00196266517669669	0.00106237368726924	0.00284402447398358
Master_fechaalta_tend6	0.00195976449134673	0.00165442168422096	0.00191651378967542
Visa_status_avg6	0.0019450227258527	0.00180917626651109	0.000640546052699005
Master_fultimo_cierre	0.00192224966795159	0.00166752513787025	0.00314123784243592
ctransferencias_emitidas_tend6	0.00189155309004982	0.00184631199962318	0.00265442284238468
cprestamos_personales	0.0018906386773231	0.00295751289370541	0.000640546052699005
cmobile_app_trx_tend6	0.00184345543790311	0.00187612144367351	0.00304899921084726
mcaja_ahorro_dolares	0.00182949436065003	0.00374005852217739	0.0027671589476597
Visa_mlimitecompra_avg6	0.00180930678090275	0.00174813723972254	0.00303875047400408
Visa_mfinanciacion_limite_lag1	0.00179134562136749	0.0012827124912712	0.00279790515818925
mtarjeta_visa_consumo_tend6	0.00179091672488622	0.000665968378369885	0.00219835405286298
cprestamos_personales_avg6	0.00178048652379366	0.00305726578693184	0.0015475592633208
Master_mlimitecompra	0.00176215736970976	0.00114046447960899	0.00277740768450289
Visa_mpagominimo_lag1	0.00174934122642825	0.00176110095876995	0.00273128836870856
Visa_mpagospesos_lag1	0.00173887556398543	0.00130006185655839	0.00295676057925861
Visa_mlimitecompra_lag1	0.00171924445807476	0.00139073005810549	0.00261342789501194
internet_tend6	0.00171365651510649	0.0035749946602604	0.00277228331608129
Visa_fultimo_cierre_tend6	0.00171007820421375	0.00295394830156751	0.00304899921084726
mtransferencias_recibidas_lag1	0.00170610973522478	0.00187484388867113	0.00283890010556199
Visa_msaldopesos_tend6	0.00169792039734129	0.00172144145557308	0.00296700931610179
ctarjeta_debito_avg6	0.00168363487354868	0.00189494792932127	0.00271591526344378
tmobile_app_avg6	0.00168353880371304	0.000911166473111407	0.00275178584239493
ccaja_ahorro	0.00166571358153921	0.00106174999696093	0.000630297315855821
Visa_msaldototal_avg6	0.00166006689903803	0.00222734274670532	0.0023828313160403
Visa_Finiciomora	0.00164446432479592	0.00381828490499737	0.00072766031586607
ccallcenter_trx_tend6	0.00163481139216615	0.00230554012067375	0.00230084142129483
Visa_msaldopesos_avg6	0.00161442456965846	0.00236799371748671	0.00252118926342328
mtarjeta_visa_debitos_automaticos_avg6	0.00161158561310286	0.000906817994462677	0.00220860278970617
ccomisiones_otras_lag1	0.00160853007818544	0.00207460920074232	0.00261855226343353
Visa_mpagominimo_tend6	0.00158915688986388	0.000968663311919726	0.00264417410554149
mtarjeta_visa_consumo_avg6	0.00158813370162362	0.00187918783468681	0.00178840457913562
Visa_mlimitecompra	0.00157290000909582	0.00111260238422269	0.00251606489500169
ctarjeta_debito_trx_avg6	0.00156518619225162	0.0013591366991887	0.00274666147397333
mcomisiones_mantenimiento_delta1	0.00155316027062002	0.00183065032787791	0.000907013210621791
mpayroll_avg6	0.00154429677125292	0.00214348476157077	0.00120935094749572
mcaja_ahorro_dolares_lag1	0.00152800723320563	0.00160191592192471	0.00235208510551075
mcaja_ahorro_dolares_tend6	0.00151363733661021	0.00203852490899508	0.00245457247394259
Visa_mconsumospesos_lag1	0.00150828982852896	0.00100514194274271	0.00261342789501194
Visa_mconsumospesos	0.00150456892327654	0.0012260562616388	0.00245969684236418
Master_fultimo_cierre_lag1	0.00148211838193274	0.00182226871233724	0.00304387484242567
Visa_msaldototal_tend6	0.00147653871609661	0.00194124281879858	0.00237258257919711
Visa_fechaalta_tend6	0.0014665587736989	0.00412112514181256	0.00239820442130507
mcomisiones_otras_delta1	0.00145621759420091	0.00122540563453977	0.00265954721080627
ctarjeta_visa_debitos_automaticos_avg6	0.00145252133750653	0.00123134221830701	0.00229059268445164
cliente_edad_tend6	0.0014384462298436	0.00552332794169811	0.00258780605290398
Visa_mconsumosdolares_avg6	0.0014262567244056	0.00123319049656285	0.00229059268445164
ctarjeta_debito_trx	0.00139840117079691	0.000524585193094475	0.000978754368524079
cmobile_app_trx_lag1	0.00137982327997662	0.000759654925019912	0.00229571705287323
Visa_cconsumos_lag1	0.00136512475730263	0.00114670902341633	0.00236745821077552
ccaja_ahorro_avg6	0.00135205065088594	0.00191772648248118	0.00107611736853433
Visa_mpagospesos_delta1	0.00134975082002827	0.000870880560026405	0.00236745821077552
ccajas_trx_avg6	0.00134961251933338	0.00179777682388271	0.0017371608949197
ctarjeta_visa_trx_avg6	0.00134755854418204	0.00158461771063914	0.00211636415811751
cproductos_lag1	0.00134674705098381	0.00205522830932008	0.00156293236858557
Visa_mpagominimo_delta1	0.00132099957688087	0.00147303503365175	0.00203437426337204
mautoservicio_avg6	0.00131113049819738	0.00175177849811096	0.00213173726338229
mdescubierto_preacordado_avg6	0.00130186566722295	0.000940736076121249	0.00110686357906388
Visa_mconsumospesos_delta1	0.00128417553004511	0.000867410894175051	0.00237258257919711
Visa_msaldopesos_lag1	0.00127514856520183	0.00114635107490883	0.00203437426337204
mtransferencias_emitidas_tend6	0.00127503861219047	0.00107162362579935	0.00217785657917662
cmobile_app_trx	0.00126172015639115	0.00105596311958829	0.0023162145265596
mcuenta_debitos_automaticos_avg6	0.00125744141685027	0.00107900132787034	0.00186014573703791
ctarjeta_visa_trx_lag1	0.00125549980477362	0.00113269489903449	0.00194213563178338
mtransferencias_recibidas_delta1	0.00124061565240829	0.00161055784010651	0.00241357752656985
mprestamos_personales_lag1	0.00123224732435605	0.00138093931170007	0.00110173921064229
Visa_mconsumototal_tend6	0.00121958286509775	0.000707664587853859	0.00210611542127433
tmobile_app_tend6	0.00121791878595483	0.00378214376108124	0.00241870189499144
mautoservicio_tend6	0.00119813418729132	0.00185074180665929	0.00227009521076527
ctarjeta_debito_trx_tend6	0.00117728952433403	0.000795413903217637	0.00198313057915612
mautoservicio	0.00116186798840753	0.00189689139287125	0.00124522152644687
Master_msaldototal_avg6	0.00116182775986597	0.000989221910913329	0.00106586863169114
mdescubierto_preacordado_tend6	0.00115148918365107	0.00482227296886819	0.000927510684308159
Master_mlimitecompra_lag1	0.00114797394705807	0.00100357922036931	0.00194726000020497
Visa_msaldopesos_delta1	0.0011443189434788	0.000968893440175095	0.0019318868949402
Master_mpagospesos_tend6	0.00113546133712786	0.00273042758916126	0.00162954915806627
mcomisiones_mantenimiento_lag1	0.00113125483371108	0.00177634316770197	0.00176278273702766
ccajas_trx_tend6	0.00113062665618341	0.00197933947011824	0.00215735910549025
Visa_mconsumosdolares_tend6	0.00111312341931164	0.0012466806485636	0.00206512047390159
mcuenta_debitos_automaticos	0.00110941099201441	0.00343655069326516	0.00121447531591731
Visa_msaldototal_lag1	0.00110458563992551	0.000858757579658717	0.00191651378967542
ccomisiones_mantenimiento_delta1	0.00110017604104938	0.00133295659917704	0.000456068789521692
cextraccion_autoservicio_avg6	0.00109674847589757	0.00169706391897532	0.00182939952650836
Visa_mpagado_tend6	0.00109314669132294	0.00164403301876375	0.00161930042122308
internet_delta1	0.00107620926229998	0.000673580741329293	0.00131183831592756
tmobile_app	0.0010683965211784	0.000478731134557666	0.00161930042122308
internet	0.0010677891670463	0.00050889425349005	0.00163979789490945
ccajas_consultas_tend6	0.00104435647247748	0.00197069146525777	0.00158342984227194
matm_avg6	0.00103771288587881	0.000970525965097541	0.00166029536859582
Visa_Finiciomora_avg6	0.00103061134362063	0.00306379329654559	0.000789152736925174
mcuenta_debitos_automaticos_tend6	0.00100131306600952	0.00184862429000001	0.00152193742121284
Visa_msaldototal_delta1	0.00100074164153963	0.00102581424607408	0.001670544105439
mpayroll_tend6	0.000999723333448758	0.00222983129175606	0.00130158957908438
ccajas_extracciones_avg6	0.000992855726446698	0.00295777746997199	0.00137333073698667
cpagomiscuentas_avg6	0.000984636570366541	0.000850861991885301	0.00155780800016398
Visa_mconsumosdolares_lag1	0.000978041864615807	0.000733555246869028	0.00156293236858557
Visa_cconsumos	0.000977937041130198	0.000848575731772588	0.00174740963176289
catm_trx_avg6	0.000977101351435627	0.000733302973463592	0.00153218615805602
Visa_mpagado_avg6	0.000976144756950236	0.000962486239592991	0.00150143994752647
Master_mpagospesos_avg6	0.000970384890303561	0.00263254641437875	0.00168079284228219
ccomisiones_mantenimiento	0.000957042691884651	0.00184809345391742	0.000860893894827463
cmobile_app_trx_delta1	0.000944125980234315	0.000792449431696162	0.00185502136861632
mpayroll_delta1	0.000938444363747139	0.00191419348927087	0.0010966148422207
cpagomiscuentas_tend6	0.000936294482177663	0.0011068107152094	0.00149119121068328
ccallcenter_trx	0.000933040902906563	0.00267985648415648	0.00110173921064229
mpagomiscuentas_avg6	0.000930115230433317	0.000786152309345383	0.00145532063173214
ccajas_consultas_avg6	0.000907318990078505	0.00287065780209139	0.00159880294753672
tcallcenter_avg6	0.000902508219804105	0.00110092968857302	0.00140920131593781
mtransferencias_emitidas_delta1	0.000897155927559313	0.00119455238984888	0.00149119121068328
mextraccion_autoservicio_avg6	0.000897038959468007	0.000657255233097231	0.00156805673700716
mtarjeta_visa_debitos_automaticos_delta1	0.000893694917925867	0.00136395747820171	0.00179352894755721
Master_cconsumos_avg6	0.000889919571599551	0.00215528631350299	0.00149631557910488
Visa_cconsumos_delta1	0.000881654781557649	0.00124554826732277	0.00151681305279124
mtarjeta_master_consumo	0.000873782352477319	0.00105695136309799	0.000440695684256915
ccuenta_debitos_automaticos_avg6	0.000866509595415635	0.00105821596772021	0.00153731052647761
mtarjeta_visa_consumo_delta1	0.000862262770956323	0.00114633695899446	0.00153731052647761
mtarjeta_visa_debitos_automaticos	0.000860375217913737	0.000937325723011008	0.00150143994752647
mtransferencias_emitidas	0.00085444153721412	0.00147761338154825	0.00133746015803552
active_quarter_avg6	0.000852956614151336	0.00353692520473907	0.00156293236858557
Master_mpagominimo_avg6	0.000849232346984717	0.00178552174963743	0.00124522152644687
Visa_mconsumototal_avg6	0.000845903185566438	0.000690818603843334	0.00170641468439015
Master_msaldopesos_avg6	0.00084533305467409	0.000690029407676637	0.00112223668432866
Visa_delinquency_tend6	0.000838581800249912	0.00337476119194659	0.00113760978959343
cextraccion_autoservicio_tend6	0.000836781073473651	0.001371875988148	0.00152706178963443
mtarjeta_visa_consumo_lag1	0.00082332808451212	0.000889792000167986	0.00152706178963443
ctransferencias_recibidas	0.000800851869515623	0.000532281086005888	0.00138870384225144
mtarjeta_visa_debitos_automaticos_lag1	0.000793106641284227	0.000956698844205145	0.00148606684226169
ccuenta_debitos_automaticos_tend6	0.000784854284849016	0.00216611114776385	0.00127596773697642
Master_status_tend6	0.000777584054104903	0.00101561413815193	0.000517561210580796
mextraccion_autoservicio_tend6	0.000776630768750301	0.000973755401397004	0.00136820636856507
thomebanking	0.000766785867543191	0.00104970523688939	0.000789152736925174
ccomisiones_otras_delta1	0.000765532197513448	0.00107401685605215	0.00174228526334129
mpagomiscuentas_tend6	0.000765163694557635	0.00186583184862448	0.00146556936857532
ccaja_ahorro_tend6	0.000757183197419965	0.00172024484044668	0.000517561210580796
Master_mconsumospesos_avg6	0.000755481757750913	0.00150069290154299	0.00130671394750597
Master_Finiciomora	0.000747664910122621	0.00256161407417395	0.000430446947413731
mtransferencias_emitidas_lag1	0.00074701247121195	0.000661622360293385	0.00130671394750597
Master_mpagominimo_tend6	0.000746665913892502	0.00125976946828331	0.00119397784223095
ctransferencias_recibidas_delta1	0.000733636479560783	0.00213925413138145	0.00150656431594806
Visa_mconsumototal_lag1	0.000732034133082093	0.000314092951636405	0.00125547026329005
Master_cconsumos_tend6	0.000728478084888392	0.00108473407265393	0.0011581072632798
mforex_sell_avg6	0.000725997061740206	0.0026411178824925	0.00117348036854458
Visa_mconsumosdolares	0.000719150064977612	0.000844738793140014	0.00118372910538776
Visa_mconsumosdolares_delta1	0.000718167422432865	0.000623256470570289	0.00119397784223095
mpagomiscuentas	0.000716440935672823	0.00124392934029949	0.000922386315886567
Master_msaldopesos	0.00070234031604959	0.00151498390505257	0.000825023315876318
Master_mpagospesos	0.000699725578854089	0.00133662725492842	0.00116835600012299
ctarjeta_visa_trx_delta1	0.000698147066006557	0.00146788078234973	0.00127596773697642
catm_trx_tend6	0.000693996455751604	0.0011547918736868	0.00119397784223095
ctransferencias_recibidas_lag1	0.000684401553758837	0.00131410162269294	0.00133233578961393
matm_tend6	0.000682148580534046	0.00116113263881871	0.00133746015803552
matm_other_avg6	0.00067610724760909	0.0012133840556487	0.00115298289485821
active_quarter_tend6	0.000666261697532073	0.00381450935116673	0.00138870384225144
mautoservicio_lag1	0.000660250782053638	0.000466653739528127	0.00124522152644687
Master_status_avg6	0.000660231502745115	0.00125881852186846	0.000512436842159204
Visa_Finiciomora_lag1	0.000659667260236316	0.00188284528105042	0.000343332684246667
mcuenta_debitos_automaticos_lag1	0.000656134104618311	0.00079754398174567	0.00117348036854458
Master_msaldototal_tend6	0.000651908531343773	0.0010464734695215	0.00116323163170139
ctarjeta_debito_trx_lag1	0.000644363524384115	0.00056348191890016	0.00112736105275025
ctarjeta_master_avg6	0.000641810879131222	0.000895135715531693	0.000261342789501194
internet_lag1	0.000634039871006983	0.000488719115252862	0.00114273415801502
ctarjeta_debito	0.000622526189403875	0.000865067781893454	0.0010966148422207
tmobile_app_delta1	0.000613885822339599	0.00086782711939326	0.000948008157994527
ccaja_ahorro_delta1	0.000607423844494363	0.00260343395978841	0.000322835210560298
thomebanking_delta1	0.000606322510236466	0.000501687366933322	0.000732784684287662
ctarjeta_debito_lag1	0.000605929229237938	0.000447468657853853	0.000912137579043383
Visa_mconsumototal_delta1	0.000599456538682469	0.000343013222585232	0.00115298289485821
mdescubierto_preacordado_lag1	0.000597191732374628	0.000304018332897967	0.000327959578981891
Visa_Finiciomora_tend6	0.000595383782992443	0.00439864842145348	0.000696914105336517
Master_mconsumospesos_tend6	0.000593973715483896	0.000927394723988498	0.00123497278960368
Master_fultimo_cierre_delta1	0.000592886590234609	0.000492566673197164	0.00106074426326955
Visa_msaldodolares_avg6	0.000589023732687363	0.00125656580324035	0.000932635052729751
mextraccion_autoservicio_delta1	0.000583836310769254	0.000526460667148645	0.00101974931589682
Master_msaldopesos_tend6	0.00058007204251379	0.0011510440336697	0.00107611736853433
mautoservicio_delta1	0.00057778431753325	0.000790417776057313	0.00125547026329005
cpayroll_trx_tend6	0.00057536114087508	0.000990595557736459	0.000907013210621791
ctarjeta_debito_trx_delta1	0.000572294768939055	0.00058791760270482	0.00127596773697642
ctarjeta_visa_debitos_automaticos_lag1	0.000569240558329203	0.000451555927334839	0.000814774579033134
ccaja_seguridad	0.000565717267762189	0.00155922641828278	0.000266467157922786
catm_trx_other_avg6	0.000561650292602394	0.000718011941598379	0.000942883789572935
mpagomiscuentas_lag1	0.000559552384136218	0.00098499477732666	0.000763530894817214
Visa_mpagosdolares_avg6	0.000557173799189519	0.000903031044297505	0.000907013210621791
matm_other_tend6	0.000551678110551485	0.000793866462292815	0.000983878736945671
Visa_fultimo_cierre_delta1	0.00055034882788755	0.000255978120687049	0.000968505631680895
ccallcenter_trx_delta1	0.00054452602618759	0.0010120468264342	0.000691789736914925
ccajas_otras_tend6	0.00054363126538532	0.00402343381960313	0.000963381263259303
ccajas_otras_avg6	0.000543516836501831	0.0024867138669932	0.000891640105357015
mplazo_fijo_dolares_tend6	0.000538400671184636	0.00186380744519852	0.000512436842159204
mextraccion_autoservicio_lag1	0.000536683611622272	0.000413564951117254	0.000850645157984278
Visa_status	0.000530048232641107	0.00157193397881071	0.000348457052668259
ccaja_seguridad_avg6	0.000523028123569081	0.000938999948157556	0.000281840263187562
mextraccion_autoservicio	0.000519474854262792	0.000483707059124947	0.000671292263228557
catm_trx_other_tend6	0.000512061158761157	0.000905574498960113	0.000978754368524079
Master_mfinanciacion_limite_delta1	0.00050894088607713	0.00292210253974148	0.000712287210601293
Visa_mfinanciacion_limite_tend6	0.000508810161104376	0.00101697781318234	0.000614924210591045
cforex_tend6	0.000508369141354024	0.000684952988159347	0.000784028368503582
ccajas_depositos_avg6	0.000505163678439652	0.00393630197836519	0.000825023315876318
cseguro_accidentes_personales_avg6	0.000483373716039245	0.000453124736386918	0.000799401473768358
Visa_delinquency_avg6	0.000481456403041794	0.00209742349695146	0.000850645157984278
ctarjeta_master_trx_tend6	0.00047899173449314	0.00127821430622787	0.000825023315876318
cliente_vip	0.000478167477969114	0.000719122436696743	0.000343332684246667
ctarjeta_debito_tend6	0.000477363382239562	0.00390691199712811	0.000891640105357015
tmobile_app_lag1	0.000476283795079634	0.000221882748324144	0.00083014768429791
cplazo_fijo_tend6	0.000472226916749418	0.00205816493752422	0.00052780994742398
Master_mfinanciacion_limite_tend6	0.000466016494439779	0.000897089021370599	0.000743033421130846
matm_delta1	0.000465927485671718	0.000451721044681826	0.000978754368524079
Master_mlimitecompra_tend6	0.000462446132535072	0.00242730969619552	0.000886515736935423
Master_msaldototal	0.000459257771474172	0.000670083620672008	0.000702038473758109
mtarjeta_master_consumo_tend6	0.000458574195176505	0.000566155654387136	0.000650794789542189
Visa_mpagosdolares	0.000448397179913378	0.000849477984758046	0.000681541000071741
Master_mpagospesos_delta1	0.000445341873077977	0.000446049425692573	0.000794277105346766
Visa_fechaalta_delta1	0.00044406873028317	0.000236660038608575	0.000353581421089851
ccajas_extracciones_tend6	0.000442705814119602	0.000668419755829585	0.000989003105367263
ccajas_depositos_tend6	0.000434232738866272	0.00219509811317048	0.000891640105357015
thomebanking_lag1	0.000434082991463854	0.000490273549382968	0.000707162842179701
mforex_sell_tend6	0.000428172593610932	0.00109654067523441	0.000773779631660398
Master_mpagospesos_lag1	0.000426971809777431	0.000837815390404898	0.000871142631670647
cprestamos_personales_lag1	0.00042411573066768	0.00394427047677888	0.000522685579002388
matm_lag1	0.000423359735555344	0.000438620051604768	0.000681541000071741
ctarjeta_visa_debitos_automaticos	0.00042106744501929	0.000421447070495308	0.000748157789552438
Master_mpagominimo	0.000420267425522449	0.00120185640425678	0.000614924210591045
Visa_mpagosdolares_tend6	0.000419455007939848	0.00111596689298718	0.000881391368513831
Visa_msaldodolares_tend6	0.000417689854525779	0.00108274450575058	0.000814774579033134
ctransferencias_emitidas	0.000414313232124742	0.00137443860937324	0.000784028368503582
ccuenta_debitos_automaticos	0.000413625732565941	0.00117287047488056	0.000748157789552438
Visa_mpagado_delta1	0.000410878812895512	0.000779895721684491	0.000825023315876318
cliente_vip_delta1	0.000410233183834418	0.000196556466876167	0.00025109405265801
Master_msaldototal_lag1	0.000410226182003313	0.000750346450771494	0.00075328215797403
mplazo_fijo_dolares	0.000410121074223903	0.00187686298244123	0.000348457052668259
ctransferencias_emitidas_delta1	0.000406139820186267	0.00114534521888212	0.000855769526405871
Master_mpagominimo_lag1	0.000401130481912077	0.000706276436604954	0.000635421684277413
Master_mconsumospesos_lag1	0.000400399874001552	0.000548305627403128	0.000743033421130846
ctransferencias_emitidas_lag1	0.000397215185486393	0.000844424875925037	0.000717411579022885
ctarjeta_visa_descuentos_avg6	0.000394314539763534	0.00222027145062882	0.000497063736894428
mpagomiscuentas_delta1	0.000392482628374444	0.000515357140706825	0.000871142631670647
cextraccion_autoservicio	0.000391589393671884	0.000488677674036363	0.000486815000051244
cforex_avg6	0.000390950066563148	0.000589445359051805	0.000686665368493333
Master_mpagominimo_delta1	0.000384924916028946	0.00100579697297099	0.00072766031586607
mtarjeta_master_consumo_avg6	0.000381247481360274	0.000388757850409725	0.000486815000051244
Visa_mpagado	0.000374052265798366	0.000820446599547481	0.000707162842179701
ccuenta_debitos_automaticos_lag1	0.000372910468436284	0.000641924184557337	0.000702038473758109
mtarjeta_master_consumo_lag1	0.000369603991969129	0.000407850984384892	0.00052780994742398
matm	0.000365994792121742	0.00033235907433482	0.000681541000071741
Master_mconsumototal_avg6	0.000363264123938515	0.000492476409047477	0.000620048579012637
ccaja_ahorro_lag1	0.000355815495349475	0.000393388906353455	0.000394576368462587
Master_mconsumospesos_delta1	0.000353564590239869	0.000524093337656156	0.000671292263228557
Visa_mlimitecompra_tend6	0.00034696415036441	0.00281293407262274	0.000681541000071741
Master_mconsumototal_tend6	0.000344806704652774	0.000448426079458774	0.000625172947434229
Master_msaldopesos_lag1	0.000337338626568248	0.000731020986976331	0.000707162842179701
mcuenta_debitos_automaticos_delta1	0.000337078045510837	0.00100467961417115	0.00080452584218995
cplazo_fijo	0.00033698456759658	0.00147259472072645	0.000194726000020498
tpaquete7_tend6	0.00032780263627114	0.0023391330182866	0.000230596578971642
ccallcenter_trx_lag1	0.000327390422297427	0.000964708136316329	0.000620048579012637
cpagomiscuentas	0.000326993058139854	0.000578688643790558	0.00047656626320806
Master_cconsumos	0.000325115873059708	0.000985208070087826	0.000522685579002388
cforex_sell_tend6	0.00032480552044521	0.000750712946529904	0.000696914105336517
Master_mlimitecompra_delta1	0.000323498793627812	0.0011808178641746	0.0005790536316399
Visa_status_delta1	0.000317225449671312	0.000155403007824525	0.000133233578961393
cpagomiscuentas_lag1	0.00030889129210043	0.000296105650622745	0.000563680526375124
cprestamos_personales_delta1	0.000307186117106551	0.00045811244580014	0.000169104157912537
mplazo_fijo_dolares_avg6	0.000307034230104224	0.000450680740643907	0.000466317526364876
mtarjeta_visa_descuentos_avg6	0.000306683182987909	0.00164768295390687	0.000517561210580796
ctarjeta_master	0.000302213235865054	0.000230610527526375	0.000107611736853433
tpaquete9_avg6	0.000302101235243678	0.00053785959176182	0.000399700736884179
cforex_sell_avg6	0.000301992677260091	0.000557967258518396	0.000507312473737612
Visa_mfinanciacion_limite_delta1	0.00030144430456098	0.00168184281916295	0.000538058684267164
Master_Finiciomora_avg6	0.000301271793620189	0.00217995536315805	0.000358705789511443
Visa_Fvencimiento_delta1	0.000300763534562801	0.000287931241164574	0.000435571315835323
cforex_buy_tend6	0.0003002061949887	0.00180841944629478	0.000358705789511443
Master_mpagado_avg6	0.000297669390467796	0.000754310562137198	0.000486815000051244
Master_Fvencimiento_delta1	0.00028668425704571	0.000376796231778778	0.000435571315835323
Master_mconsumospesos	0.000286180256912201	0.000280726685676274	0.000573929263218308
mprestamos_prendarios	0.000284160266941248	0.0025199778249501	0.000312586473717114
mplazo_fijo_dolares_delta1	0.000278539879452944	0.00208191023656278	0.000297213368452338
Master_mpagado	0.0002775569217103	0.000683019107890674	0.000230596578971642
ctarjeta_visa_debitos_automaticos_delta1	0.000276914728636455	0.000957906208147075	0.000599551105326269
Master_msaldopesos_delta1	0.000267682447420381	0.000508459509228219	0.000517561210580796
mttarjeta_master_debitos_automaticos_avg6	0.000264942381097948	0.000656800545249959	0.000497063736894428
ctarjeta_visa_avg6	0.000263998892017858	0.000670172071768473	0.000204974736863682
catm_trx_lag1	0.000262588585436754	0.000265679379965594	0.000486815000051244
Master_delinquency_tend6	0.000262520349513325	0.00106513185923483	0.000379203263197811
tcallcenter_delta1	0.00026078700149011	0.000113420076923901	0.000322835210560298
tpaquete9	0.000257634670800755	0.00031346511720645	0.000235720947393234
Master_msaldototal_delta1	0.000254249080707714	0.00045299523258536	0.000491939368472836
Master_cconsumos_lag1	0.000253447866010747	0.000311368191651615	0.000461193157943284
cseguro_vida_avg6	0.000252275304211645	0.00137737420154697	0.00050218810531602
Visa_msaldodolares	0.000251437920384013	0.00118747889220776	0.000440695684256915
Visa_msaldodolares_lag1	0.000251154821975156	0.000378986918085941	0.000399700736884179
Visa_Finiciomora_delta1	0.000249552723310106	0.000604613232801736	0.000153731052647761
ctarjeta_master_trx_avg6	0.000249116405346344	0.000530541072928149	0.000486815000051244
tcallcenter	0.000248748328712589	0.00020058533014265	0.000220347842128458
mtarjeta_visa_descuentos_tend6	0.000247112720092693	0.000440700400673003	0.000379203263197811
cseguro_vida_tend6	0.000239612958244218	0.00140405366821743	0.000491939368472836
tcuentas_avg6	0.000238613902279436	0.00125876413027181	0.000363830157933035
Visa_mpagado_lag1	0.00023731769702078	0.000498418690981987	0.00047656626320806
tpaquete7_avg6	0.000237272834432266	0.0019539000023477	0.000394576368462587
mttarjeta_master_debitos_automaticos_tend6	0.000236684207343403	0.00104606346048576	0.000517561210580796
Visa_mpagosdolares_lag1	0.000234376856354513	0.00046000125874587	0.00047656626320806
Visa_msaldodolares_delta1	0.000230693549355456	0.000738372270271796	0.00047656626320806
cextraccion_autoservicio_lag1	0.000222099706510754	0.000333368038452762	0.000440695684256915
ccajas_consultas	0.000220875497176589	0.000803090759070221	0.000435571315835323
ccajas_consultas_delta1	0.000220113500525246	0.00166720565199181	0.000435571315835323
ccuenta_debitos_automaticos_delta1	0.000217425591781459	0.00101658023651156	0.000374078894776219
mtarjeta_master_consumo_delta1	0.000213664073215272	0.00027702352447071	0.00047656626320806
ccomisiones_mantenimiento_lag1	0.000212488758119116	0.000387982899661199	0.000327959578981891
Master_mpagado_tend6	0.000211784878935699	0.000554382593291258	0.000368954526354627
active_quarter	0.000208281043193205	0.000522392305222686	0.000425322578992139
cpagomiscuentas_delta1	0.000208248430985657	0.000454753117187714	0.000450944421100099
mcheques_depositados_avg6	0.000203841825723634	0.000622239088705246	0.000292089000030746
cseguro_vivienda_avg6	0.000203757106671801	0.000627059997222061	0.000430446947413731
mcaja_ahorro_adicional_tend6	0.000200596840393983	0.00136027374256638	0.000420198210570547
mcheques_depositados_tend6	0.000199756529949698	0.00102533326895509	0.000389452000040995
ccheques_depositados_avg6	0.000196645552627878	0.0012012267567736	0.000312586473717114
Master_mconsumosdolares_tend6	0.000193373088438566	0.000610156902035048	0.000363830157933035
mcaja_ahorro_adicional_avg6	0.000191158287355918	0.000701007315430945	0.000297213368452338
mprestamos_hipotecarios_avg6	0.000189805238165166	0.0021702203033873	0.000235720947393234
mttarjeta_master_debitos_automaticos_delta1	0.000189267075326254	0.000689531983574851	0.000379203263197811
Master_mconsumototal_lag1	0.000188825782710837	0.00013405728472505	0.000286964631609154
tpaquete9_tend6	0.000188547601962885	0.000327764149951725	0.000128109210539801
ccaja_seguridad_lag1	0.000187912818301272	0.000294251544695833	0.000122984842118209
Master_cconsumos_delta1	0.000187411187902128	0.000290299606687475	0.000322835210560298
mcaja_ahorro_adicional	0.000186937461382041	0.000448124594608746	0.00027671589476597
matm_other_delta1	0.000185925120648198	0.000515615889302339	0.000389452000040995
mforex_buy_avg6	0.0001857961885209	0.00154322376302801	0.00027671589476597
tpaquete7	0.000184186925834333	0.000392863250422929	0.000174228526334129
mttarjeta_master_debitos_automaticos_lag1	0.000181122721007194	0.000381934683617015	0.000312586473717114
mplazo_fijo_dolares_lag1	0.000179539052622748	0.000811884844218849	0.000297213368452338
catm_trx	0.000175777208518689	0.000126800927716127	0.000286964631609154
active_quarter_lag1	0.000175371525311551	0.000191199930636106	0.000317710842138706
cpayroll_trx_delta1	0.000174559665021528	0.000469707827680279	0.000245969684236418
ctarjeta_visa_descuentos_tend6	0.000173566983456419	0.000958798877851217	0.000435571315835323
Master_mconsumosdolares_avg6	0.000172416455457644	0.000334983986888608	0.000317710842138706
ctarjeta_master_trx_lag1	0.000171796388498232	0.000250829697056093	0.000333083947403483
matm_other	0.00017091586964244	0.000510982631793982	0.000348457052668259
matm_other_lag1	0.00017014318867212	0.000443883086100104	0.000322835210560298
catm_trx_delta1	0.00016826514861445	0.000217700423052814	0.000394576368462587
ctarjeta_master_trx	0.000168254412475655	0.000394700909367044	0.000235720947393234
Master_mconsumototal	0.000167660713543121	0.000222080371125322	0.000312586473717114
ctarjeta_master_debitos_automaticos_tend6	0.000166586037714799	0.000587080878642951	0.000322835210560298
Visa_mlimitecompra_delta1	0.000165720571446314	0.000477129172532388	0.000286964631609154
tcuentas_tend6	0.00016287245940896	0.00746551730378228	0.000471441894786468
cplazo_fijo_avg6	0.000162531165807171	0.00104735759197474	0.00027671589476597
cextraccion_autoservicio_delta1	0.000161051385709544	0.000219090516858742	0.000481690631629652
ctarjeta_master_debitos_automaticos_avg6	0.000160968445477676	0.000359919555367284	0.000286964631609154
ccajas_trx_delta1	0.000155158081180057	0.00027729444642357	0.000220347842128458
ctarjeta_master_descuentos_avg6	0.000153654115279143	0.00148517782810108	0.000266467157922786
mttarjeta_master_debitos_automaticos	0.000153338740412016	0.000472925608637602	0.00027671589476597
cseguro_accidentes_personales_tend6	0.000152300422831391	0.00305891424082187	0.000450944421100099
mcaja_ahorro_adicional_delta1	0.000151172178638719	0.000817518000579038	0.00025109405265801
Master_fechaalta_delta1	0.000146407084892745	7.21113428141903e-05	0.000317710842138706
mprestamos_prendarios_avg6	0.000146262381153782	0.00209357658652617	0.000297213368452338
cseguro_accidentes_personales	0.000144537345056916	0.000167255325246956	0.000286964631609154
mcajeros_propios_descuentos_avg6	0.000144502950305174	0.00280247042446442	0.000215223473706866
ccajas_trx	0.000139900393384571	0.000145419300754781	0.00025109405265801
Master_mpagosdolares_avg6	0.000137305091733531	0.000730552830733697	0.00025109405265801
mprestamos_prendarios_tend6	0.000135714577749073	0.00243042296758499	0.000281840263187562
Master_msaldodolares_avg6	0.000134892372523497	0.000457610748072903	0.000245969684236418
cliente_edad_delta1	0.000134221558988766	0.000289831838956246	0.000292089000030746
ctarjeta_master_trx_delta1	0.000132120431123855	0.000968027707261677	0.000327959578981891
Master_status_lag1	0.00013021287897961	0.000369606310220054	0.000122984842118209
tpaquete7_delta1	0.000125438869343806	0.000530713571991825	8.19898947454726e-05
ccheques_depositados_tend6	0.000125166346210555	0.000796232885258693	0.000292089000030746
Master_mpagosdolares_tend6	0.000124105725347856	0.000694002843316053	0.000220347842128458
mforex_sell_delta1	0.000123613651188031	0.000175893099307103	0.000245969684236418
Master_msaldodolares_tend6	0.000122806971617151	0.000333933970065572	0.000245969684236418
mcaja_ahorro_adicional_lag1	0.000116960798711315	0.000381559122592495	0.000210099105285274
mcheques_emitidos_avg6	0.000115511943854681	0.00104985300072697	0.000235720947393234
Master_delinquency_avg6	0.000114371993475745	0.000636935439113702	0.000184477263177313
Master_mconsumototal_delta1	0.000113193471154701	0.000162243398622842	0.00022547221055005
mforex_buy_tend6	0.000111362150937861	0.00168366752772691	0.000297213368452338
catm_trx_other_delta1	0.000107664291521899	0.000284666709334889	0.000256218421079602
Visa_mpagosdolares_delta1	0.000107141651367555	0.000300205999987689	0.000307462105295522
ccheques_emitidos_avg6	0.000106318977226782	0.00086866643353116	0.000189601631598905
ccajas_consultas_lag1	0.000104147531596231	0.000564090845775088	0.000215223473706866
minversion1_pesos_avg6	0.000103711314643996	0.000797215560104918	0.000133233578961393
Master_mpagado_lag1	0.000102944481343809	0.000444371833447185	0.000163979789490945
mprestamos_hipotecarios	0.000101276303803714	0.00150598623992789	0.000107611736853433
mprestamos_prendarios_delta1	0.000100889642523105	0.00182031838508577	0.000189601631598905
tpaquete9_lag1	0.000100788896875193	0.000170022432974856	0.000117860473696617
cseguro_accidentes_personales_lag1	9.78884492224787e-05	8.90920107783362e-05	0.000184477263177313
Master_mconsumosdolares_lag1	9.74559368102938e-05	0.000850151922541356	0.000189601631598905
mforex_sell	9.56427072832138e-05	0.00030916066985025	0.000169104157912537
Master_mconsumosdolares	9.52381658188649e-05	0.000295160531878972	0.000138357947382985
ctarjeta_visa_delta1	9.47099512256149e-05	0.000260071347342907	9.73630000102487e-05
Master_cadelantosefectivo_tend6	9.42397900212352e-05	0.00118039114914847	0.000143482315804577
ccajas_trx_lag1	9.40330619811845e-05	0.000282471619898473	0.000169104157912537
ctarjeta_master_descuentos_tend6	9.3103840563412e-05	0.000556409327785648	0.000163979789490945
Master_mpagado_delta1	9.29937340472626e-05	0.000375109444763479	0.000235720947393234
mcheques_depositados	9.2917363156679e-05	0.000664400605348219	0.000215223473706866
cseguro_auto_avg6	9.26166135085877e-05	0.000463731874757365	0.000174228526334129
Master_Finiciomora_lag1	9.20594514124809e-05	0.00159402007514369	0.000184477263177313
Master_msaldodolares_lag1	9.14125901000478e-05	0.000834714421876581	0.000174228526334129
cprestamos_prendarios_tend6	8.82948335478016e-05	0.0024995697093739	0.000194726000020498
cpagodeservicios_avg6	8.78595612428254e-05	0.00096642496821359	0.000158855421069353
tcallcenter_lag1	8.69696882361066e-05	5.68576080438263e-05	0.000158855421069353
cseguro_vivienda_tend6	8.33784338771313e-05	0.000963302113542809	0.000184477263177313
Visa_delinquency	8.02955514866243e-05	0.000164058005890279	0.000117860473696617
mcheques_depositados_delta1	7.90009669996419e-05	0.000599208650651297	0.00022547221055005
ccajas_otras_delta1	7.81311947968311e-05	0.00176008150484408	0.00019985036844209
cseguro_vivienda_lag1	7.77996196016385e-05	0.000131254174940317	0.000133233578961393
mcheques_emitidos_tend6	7.72139654379631e-05	0.000995277767681805	0.000179352894755721
Master_delinquency	7.68283576993501e-05	6.72893982669628e-05	5.63680526375124e-05
ccajeros_propios_descuentos_avg6	7.65218851980537e-05	0.00125269635915359	0.000163979789490945
minversion1_pesos_tend6	7.55655329508498e-05	0.00132190681681287	0.000158855421069353
ctarjeta_master_debitos_automaticos_lag1	7.37149637221116e-05	0.000147936984160879	0.000122984842118209
tpaquete7_lag1	7.29870081427827e-05	0.00061027423247926	0.000138357947382985
ccajas_extracciones	7.179603089134e-05	0.000266629031342423	0.000184477263177313
mforex_buy_delta1	7.14665225339963e-05	0.000510960745651518	7.17411579022885e-05
ccajeros_propios_descuentos_tend6	7.05012677366688e-05	0.000152940363534089	0.000158855421069353
Master_Finiciomora_tend6	7.02484180684552e-05	0.000587846375613963	0.000148606684226169
cseguro_vivienda	7.02427863817887e-05	0.000530371552451909	0.000169104157912537
tcuentas	6.96547280653581e-05	7.57695662006134e-05	0.000153731052647761
cseguro_vida_lag1	6.78137873608156e-05	0.000748346653067828	0.000169104157912537
Master_msaldodolares_delta1	6.71940573787334e-05	0.000248712698412017	0.000128109210539801
Master_mpagosdolares	6.69457597194252e-05	0.000336291586772944	7.17411579022885e-05
Master_cadelantosefectivo_avg6	6.68400619802969e-05	0.000859232470099032	0.000102487368431841
catm_trx_other_lag1	6.65154305762287e-05	0.000247899932553436	0.000138357947382985
cforex_buy_avg6	6.62233907875565e-05	0.00035180808475667	0.000107611736853433
cseguro_vida	6.61851258656085e-05	0.000262251284834541	0.000148606684226169
ccajas_extracciones_lag1	6.40085048861514e-05	2.53984150654454e-05	8.19898947454726e-05
Master_madelantopesos_avg6	6.39214175299835e-05	0.000760590460482371	0.000122984842118209
catm_trx_other	6.35936859562583e-05	0.000208295338968433	0.000148606684226169
mprestamos_prendarios_lag1	6.34372386580728e-05	0.00070178718732393	0.000122984842118209
Master_status_delta1	6.32422186857619e-05	0.000114847985839884	0.000143482315804577
Master_msaldodolares	6.06267974160776e-05	0.000967166506981313	0.000143482315804577
minversion2_tend6	5.94232221127932e-05	0.00070085735002874	0.000148606684226169
cinversion1_avg6	5.92585829496185e-05	0.000334422328901249	0.000107611736853433
ccajas_extracciones_delta1	5.87766277905096e-05	0.000697207155878014	0.000261342789501194
minversion1_pesos_lag1	5.83544563844318e-05	0.000728140174910663	7.68655263238806e-05
ccheques_depositados_delta1	5.83023331840321e-05	0.000468725411841657	0.000122984842118209
mprestamos_hipotecarios_tend6	5.67050971307117e-05	0.00175013211628175	0.000117860473696617
Master_mpagosdolares_delta1	5.65553899943862e-05	0.000306835558597069	0.000102487368431841
mtarjeta_visa_descuentos_delta1	5.55004231800586e-05	0.000279510126964434	0.000169104157912537
mtarjeta_visa_descuentos	5.52758832065638e-05	0.000195123636815724	0.000133233578961393
cpagodeservicios_tend6	5.52413876338622e-05	0.000723970282004282	0.000148606684226169
ccajas_depositos_delta1	5.51466666767155e-05	0.000726171069607967	0.000210099105285274
minversion2	5.47093248332804e-05	0.000857665733107778	0.000112736105275025
cprestamos_prendarios_avg6	5.42145498565089e-05	0.000587372391700259	0.000102487368431841
ctarjeta_visa	5.37071110739736e-05	0.000363603291002614	0.000117860473696617
minversion2_lag1	5.35532547852248e-05	0.000338946673712495	8.19898947454726e-05
cforex_buy_delta1	5.29290165266965e-05	0.000258088385133444	3.07462105295522e-05
cliente_vip_lag1	5.28689316120872e-05	6.47266475379226e-05	8.19898947454726e-05
cforex_sell	5.10218394841192e-05	0.00027834808935305	9.73630000102487e-05
ccheques_emitidos_tend6	5.09905798357324e-05	0.00089328821429866	0.000122984842118209
cseguro_auto_tend6	5.00000603414042e-05	0.00223211703385357	0.000133233578961393
active_quarter_delta1	4.98678025598452e-05	0.000247020472237052	0.000122984842118209
cprestamos_hipotecarios_avg6	4.95324646743701e-05	0.000399484779796613	6.66167894806965e-05
cforex_delta1	4.8101951969137e-05	0.000198353202618989	9.73630000102487e-05
ctarjeta_debito_delta1	4.79790005932437e-05	0.000815438040022208	0.000107611736853433
cinversion2_avg6	4.79264154415173e-05	0.00157386384446153	0.000117860473696617
mcheques_depositados_rechazados_tend6	4.732584982681e-05	0.000257416778418562	9.73630000102487e-05
mcheques_emitidos_rechazados_avg6	4.58866749584159e-05	0.00097126374825502	0.000102487368431841
cinversion1_tend6	4.52580163021636e-05	0.000851184585854983	0.000194726000020498
Visa_cadelantosefectivo_tend6	4.40643652834331e-05	0.000406946400331006	6.66167894806965e-05
mplazo_fijo_pesos_tend6	4.34954504155391e-05	0.000978431006648471	9.73630000102487e-05
mforex_sell_lag1	4.33960364732868e-05	5.32153136249948e-05	9.73630000102487e-05
mcheques_depositados_lag1	4.31804961575369e-05	0.000246890968435494	0.000112736105275025
Master_mconsumosdolares_delta1	4.2949173019323e-05	0.000260692188567578	7.68655263238806e-05
cseguro_auto_lag1	4.24395654645783e-05	0.000126123881841579	6.14924210591045e-05
Visa_delinquency_lag1	4.19159923522354e-05	6.90919616808549e-05	5.63680526375124e-05
ccheques_depositados	4.17083224587765e-05	0.000167670125923348	7.68655263238806e-05
minversion2_delta1	4.12466536289519e-05	0.00029420142672463	9.22386315886567e-05
cinversion2_tend6	4.07254112036497e-05	0.000916471725846051	0.000148606684226169
ctarjeta_master_debitos_automaticos	3.86097485356916e-05	0.000122177123985284	9.73630000102487e-05
Visa_madelantopesos_tend6	3.82638205672807e-05	0.000433861304912701	8.71142631670647e-05
ccheques_depositados_lag1	3.7349261207914e-05	0.000111091728075682	7.17411579022885e-05
Visa_delinquency_delta1	3.68902509762249e-05	0.000218352474693661	8.71142631670647e-05
minversion2_avg6	3.59932524970189e-05	0.000192665654662145	8.71142631670647e-05
ccaja_seguridad_tend6	3.55039548365592e-05	0.0018660577032544	9.73630000102487e-05
Master_Finiciomora_delta1	3.4713820019531e-05	0.000430409510585962	5.12436842159204e-05
ctarjeta_master_debitos_automaticos_delta1	3.44802260058455e-05	6.44752806590976e-05	6.66167894806965e-05
mpagodeservicios_avg6	3.29216230394931e-05	0.000341672599231499	9.73630000102487e-05
ctarjeta_visa_descuentos_delta1	3.26196263411554e-05	0.000152979603185962	7.17411579022885e-05
Visa_cadelantosefectivo_avg6	3.23884114342448e-05	0.00054246487644904	7.68655263238806e-05
ctarjeta_master_lag1	3.2313557238917e-05	0.00011953848402853	5.12436842159204e-05
cprestamos_prendarios_lag1	3.21829561329047e-05	0.000279359514043222	4.09949473727363e-05
cpagodeservicios_lag1	3.20693558969757e-05	0.00031049857362415	5.63680526375124e-05
cliente_vip_avg6	3.20603755845282e-05	0.000758371542346468	6.66167894806965e-05
Master_delinquency_delta1	3.1853368445141e-05	0.000190311664061217	5.63680526375124e-05
tcuentas_lag1	3.18384017513883e-05	0.000310421648366024	6.14924210591045e-05
mtarjeta_visa_descuentos_lag1	3.18325283383436e-05	0.000208224241381377	0.000107611736853433
cforex	3.14281644064365e-05	0.000108013940727843	5.12436842159204e-05
Master_madelantopesos_tend6	3.1098840474624e-05	0.000362201541854545	5.12436842159204e-05
mcajeros_propios_descuentos_delta1	3.08780982285602e-05	0.000172384970826686	0.000102487368431841
Visa_madelantopesos_avg6	3.06229102240716e-05	0.000321753749017595	6.66167894806965e-05
minversion1_pesos_delta1	3.04248837673769e-05	0.00144512800044632	7.17411579022885e-05
mcheques_emitidos_delta1	3.02368999211585e-05	0.000228551546585397	6.66167894806965e-05
ccajas_otras_lag1	3.0123851339279e-05	0.000407931017734255	5.63680526375124e-05
Visa_madelantopesos_delta1	2.94538564705261e-05	0.000428546986911949	5.12436842159204e-05
ccheques_depositados_rechazados_tend6	2.94016670507326e-05	0.000391461501274861	6.14924210591045e-05
cforex_sell_lag1	2.93712612960395e-05	0.000136500632949053	6.66167894806965e-05
mcajeros_propios_descuentos_tend6	2.89034226394387e-05	0.000281787192307236	9.73630000102487e-05
ccajas_depositos_lag1	2.86646704387882e-05	0.000310731680466955	7.68655263238806e-05
ctarjeta_visa_descuentos_lag1	2.85485894420732e-05	0.00011233561208965	6.14924210591045e-05
mpagodeservicios_tend6	2.81707055143556e-05	0.000768085881508971	8.71142631670647e-05
ccheques_emitidos_lag1	2.79056996053919e-05	6.48188542446322e-05	4.61193157943283e-05
mcheques_depositados_rechazados_avg6	2.72647762048474e-05	0.000428889653970872	7.68655263238806e-05
mcheques_emitidos_lag1	2.63077167462776e-05	3.86811019760897e-05	5.63680526375124e-05
ccheques_depositados_rechazados_avg6	2.62312802694403e-05	0.00115133036657495	6.66167894806965e-05
minversion1_pesos	2.6195908550236e-05	0.000604379348936121	4.61193157943283e-05
Visa_madelantopesos	2.59400415713846e-05	0.000126202361145323	6.14924210591045e-05
Visa_status_lag1	2.53965968860421e-05	4.25453659107923e-05	4.09949473727363e-05
Master_madelantopesos_delta1	2.50840839032937e-05	0.000385801926139153	4.09949473727363e-05
cforex_sell_delta1	2.48993863945923e-05	3.63640199586058e-05	6.66167894806965e-05
mplazo_fijo_pesos	2.38387256543373e-05	0.000675950660897812	7.17411579022885e-05
tcuentas_delta1	2.3837184847411e-05	0.000753643747062974	6.14924210591045e-05
cprestamos_hipotecarios_tend6	2.37891933081413e-05	0.000719144322839206	6.66167894806965e-05
ctarjeta_visa_descuentos	2.35578718142503e-05	0.0002747042408886	7.68655263238806e-05
cforex_lag1	2.32374704802353e-05	0.000223075089825093	5.63680526375124e-05
mprestamos_hipotecarios_lag1	2.30185516250923e-05	0.00100914373971467	6.14924210591045e-05
cinversion2_lag1	2.28513199198327e-05	0.000677891793379372	6.14924210591045e-05
mcheques_emitidos_rechazados_delta1	2.24980123493514e-05	6.27019851043577e-05	4.09949473727363e-05
mcheques_emitidos_rechazados_lag1	2.18968512392396e-05	0.00043791218382545	4.09949473727363e-05
minversion1_dolares_avg6	2.16800012909613e-05	0.000485184438493126	7.68655263238806e-05
Master_cadelantosefectivo_lag1	2.11105162676612e-05	0.000329606730040298	3.07462105295522e-05
Visa_madelantopesos_lag1	2.10799059853154e-05	5.24733863458665e-05	4.09949473727363e-05
cpagodeservicios_delta1	2.04943032856847e-05	0.000230680977594422	5.12436842159204e-05
ccajas_otras	2.0445713191045e-05	0.000174415460931321	5.12436842159204e-05
mtarjeta_master_descuentos_tend6	2.03368640142273e-05	0.000322441543707672	7.68655263238806e-05
mcheques_emitidos_rechazados_tend6	2.01498570483552e-05	0.000404715826852964	6.14924210591045e-05
mprestamos_hipotecarios_delta1	2.00606993696803e-05	0.000879637736591589	6.14924210591045e-05
ctarjeta_visa_lag1	2.00214245899101e-05	0.000281124003339456	5.63680526375124e-05
tpaquete9_delta1	1.9975578623882e-05	0.000117276959141915	1.53731052647761e-05
mpagodeservicios_delta1	1.88646911104045e-05	0.000596738754147974	6.66167894806965e-05
mplazo_fijo_pesos_avg6	1.87973170097135e-05	0.000335026464135519	6.14924210591045e-05
mcheques_emitidos_rechazados	1.85573137079015e-05	0.000981109792783707	5.63680526375124e-05
cseguro_auto	1.82740048608299e-05	0.000133265498482321	4.09949473727363e-05
mtarjeta_master_descuentos_avg6	1.81942780826769e-05	0.000845324020819257	5.12436842159204e-05
ccheques_emitidos_rechazados_tend6	1.80127948879651e-05	0.000584399372927881	4.09949473727363e-05
ccheques_emitidos_rechazados_lag1	1.7707924457411e-05	3.16156335706636e-05	2.56218421079602e-05
ctarjeta_master_descuentos_lag1	1.7524550116957e-05	0.000279632249049304	5.12436842159204e-05
minversion1_dolares_delta1	1.71906177465566e-05	0.00145992368027057	5.63680526375124e-05
cprestamos_prendarios_delta1	1.71257079525317e-05	0.000401293818400583	4.09949473727363e-05
ccheques_emitidos	1.66875638972386e-05	0.000341816477955031	4.09949473727363e-05
Master_mpagosdolares_lag1	1.65273812633368e-05	7.9940365633605e-05	4.09949473727363e-05
cseguro_vida_delta1	1.63270471135796e-05	8.58510486405343e-05	3.58705789511443e-05
ccheques_emitidos_delta1	1.62066728438247e-05	3.02289068635757e-05	4.61193157943283e-05
cinversion2	1.57349222664574e-05	0.000515619126897378	4.09949473727363e-05
ccheques_emitidos_rechazados_avg6	1.50254100678482e-05	0.000438871806994998	4.09949473727363e-05
cplazo_fijo_lag1	1.46403833096901e-05	6.5515196185612e-05	3.07462105295522e-05
cplazo_fijo_delta1	1.45984831488306e-05	4.71948113943439e-05	3.07462105295522e-05
mplazo_fijo_pesos_delta1	1.32968809932386e-05	0.00042928088495538	4.61193157943283e-05
mpagodeservicios_lag1	1.30742132122127e-05	4.77164527070214e-05	2.56218421079602e-05
ccajeros_propios_descuentos_lag1	1.27077836388723e-05	0.000214687905620961	4.09949473727363e-05
minversion1_dolares	1.1763682818033e-05	0.00125093497794859	4.61193157943283e-05
Master_delinquency_lag1	1.11653352197329e-05	1.33908225849456e-05	3.07462105295522e-05
cprestamos_hipotecarios	8.2737074121163e-06	3.8474802420207e-05	5.12436842159204e-06
mforex_buy	7.77412669976984e-06	0.000121888589515411	2.56218421079602e-05
Master_cadelantosefectivo_delta1	6.83139905202192e-06	6.84189304241557e-05	1.02487368431841e-05
Visa_madelantodolares	6.68281409054245e-06	4.91700033757134e-06	1.02487368431841e-05
ccheques_emitidos_rechazados_delta1	6.60805198045328e-06	1.27616931169746e-05	1.02487368431841e-05
mcheques_emitidos	6.55072915832565e-06	0.000218040370531905	2.56218421079602e-05
mcheques_depositados_rechazados_delta1	6.54007148391169e-06	5.03754247606195e-05	3.07462105295522e-05
mtarjeta_master_descuentos_lag1	6.3139496226383e-06	3.69344842044708e-06	1.02487368431841e-05
cseguro_vivienda_delta1	6.27561250292989e-06	0.000161553143360536	3.07462105295522e-05
ccajas_depositos	5.59717343638158e-06	0.000117182291862976	3.07462105295522e-05
mcajeros_propios_descuentos	5.51606331429124e-06	4.37595935542044e-05	3.07462105295522e-05
ctarjeta_master_descuentos	5.34073962305597e-06	9.11042408469514e-05	2.04974736863682e-05
mtarjeta_master_descuentos	5.33230087003887e-06	0.000248970669984721	2.04974736863682e-05
Visa_cadelantosefectivo_delta1	5.27690107827527e-06	0.000101700371394266	2.04974736863682e-05
cforex_buy	5.20387571149502e-06	7.51001610503578e-05	1.53731052647761e-05
cpayroll2_trx_avg6	5.00821348644091e-06	9.64822747180709e-05	2.56218421079602e-05
mforex_buy_lag1	5.00461416128703e-06	0.000126660286587634	1.53731052647761e-05
cpayroll2_trx_tend6	4.79152714286146e-06	0.000127998449369138	2.56218421079602e-05
mpayroll2_avg6	4.78884979290947e-06	0.000401621592522328	2.04974736863682e-05
Master_madelantopesos_lag1	4.71578600777341e-06	1.42816792358662e-06	1.02487368431841e-05
tpaquete1_tend6	4.52442217385078e-06	0.000207612076911411	1.53731052647761e-05
cprestamos_hipotecarios_delta1	4.46528412796978e-06	1.04808721639272e-05	1.02487368431841e-05
Master_cadelantosefectivo	4.42008712527578e-06	2.67645506680855e-06	2.04974736863682e-05
cseguro_accidentes_personales_delta1	4.28457857827629e-06	0.000636661409069604	2.56218421079602e-05
ccajeros_propios_descuentos_delta1	3.98205571834112e-06	0.000104689966653243	3.07462105295522e-05
cprestamos_prendarios	3.61327293359149e-06	0.000104868293387988	1.53731052647761e-05
cpagodeservicios	3.32392060582456e-06	0.00011361277858062	2.56218421079602e-05
mpayroll2_tend6	3.19508200892881e-06	0.000179566345134507	2.56218421079602e-05
mcheques_depositados_rechazados	2.99243186826691e-06	2.63955943374454e-05	1.02487368431841e-05
ctarjeta_master_delta1	2.90050600159584e-06	6.8596868647497e-06	2.04974736863682e-05
Visa_cadelantosefectivo_lag1	2.76153998916427e-06	2.09946382934502e-05	1.02487368431841e-05
mtarjeta_master_descuentos_delta1	2.64204949404658e-06	5.41947508761814e-06	1.02487368431841e-05
Master_madelantopesos	2.4100583795392e-06	2.02194285373213e-06	5.12436842159204e-06
cinversion2_delta1	2.32518700458785e-06	0.00010889702715067	1.02487368431841e-05
ctarjeta_master_descuentos_delta1	2.18090691293585e-06	2.92819750665803e-05	1.02487368431841e-05
minversion1_dolares_tend6	1.95776169018896e-06	0.000240326032223091	3.07462105295522e-05
ccajeros_propios_descuentos	1.90376453865702e-06	4.71705941834525e-05	1.53731052647761e-05
tpaquete1	1.79606815208351e-06	0.000148704294185112	1.02487368431841e-05
Visa_cadelantosefectivo	1.72049181954554e-06	6.42350511072067e-05	1.02487368431841e-05
cinversion1	1.61917584199438e-06	8.20665590475917e-07	5.12436842159204e-06
minversion1_dolares_lag1	1.38583200498294e-06	0.00015787057325942	1.02487368431841e-05
tpaquete1_avg6	1.34863909454818e-06	0.000118551794564456	5.12436842159204e-06
cprestamos_hipotecarios_lag1	9.82971093240478e-07	4.19074301843154e-06	5.12436842159204e-06
Visa_madelantodolares_tend6	7.70117634025567e-07	2.61769919204148e-05	5.12436842159204e-06
cinversion1_lag1	7.64656477815939e-07	2.34647938043761e-06	5.12436842159204e-06
cinversion1_delta1	5.70502456355484e-07	7.5825123331482e-05	1.02487368431841e-05
mpagodeservicios	5.31764198049394e-07	6.05438042513861e-05	1.02487368431841e-05
mplazo_fijo_pesos_lag1	3.99818086490756e-07	3.94507430687515e-05	5.12436842159204e-06
