Feature	Gain	Cover	Frequency
mdescubierto_preacordado_tend6	0.18131385521555	0.0182348654089763	0.00732600732600733
mcuentas_saldo	0.137889317435707	0.0161039735679208	0.0122344322344322
ctrx_quarter	0.101489019730792	0.0142589209026721	0.00615384615384615
mtarjeta_visa_consumo	0.0163510245295622	0.00691745960171936	0.003003663003663
mdescubierto_preacordado	0.0158179330201927	0.00172765051029917	0.00146520146520147
mpayroll	0.0135410070915878	0.0123019993521198	0.00227106227106227
mcaja_ahorro	0.0118400485234363	0.00449893607504227	0.0052014652014652
Visa_status	0.0111127935113603	0.000951839184229712	0.000659340659340659
Visa_mpagominimo_avg6	0.0110871020446691	0.0031363361036788	0.00454212454212454
mprestamos_personales	0.0109331630857878	0.00872586190547015	0.00315018315018315
cpayroll_trx	0.0107631910838029	0.00685669496657968	0.00139194139194139
mprestamos_personales_tend6	0.0105412989029035	0.00612728473626713	0.00315018315018315
foto_mes	0.00874861792303836	0.00723123417693596	0.0093040293040293
mcuenta_corriente_avg6	0.00768745067527435	0.00968453169518775	0.00871794871794872
ctarjeta_visa_trx	0.00732597305805671	0.00413921913882786	0.00285714285714286
mcomisiones_mantenimiento_tend6	0.00647915259833558	0.00683824075108076	0.00681318681318681
mpasivos_margen	0.0062664720635827	0.00326411794369957	0.00424908424908425
cpayroll_trx_lag1	0.00566054997028088	0.00139031074548321	0.000366300366300366
Visa_msaldototal	0.00500516063588649	0.00126729944745658	0.00205128205128205
mprestamos_personales_lag1	0.00480924617530144	0.00067995472977777	0.00102564102564103
cproductos_tend6	0.00413526187182396	0.00529929445281242	0.00234432234432234
mdescubierto_preacordado_avg6	0.00404010190875423	0.00327198931303153	0.00278388278388278
mactivos_margen	0.00402906668338201	0.00364439258646273	0.00542124542124542
mtarjeta_visa_consumo_tend6	0.00387221736470616	0.000365576661281811	0.00175824175824176
Visa_mpagospesos_tend6	0.00358685498749158	0.00170528032724307	0.00490842490842491
cliente_edad_avg6	0.00340011047130605	0.00512871600418967	0.00835164835164835
mrentabilidad_annual_tend6	0.00337434230034591	0.00426133193569415	0.00835164835164835
mrentabilidad_annual_delta1	0.00332762554706021	0.00321685328849411	0.00864468864468865
Visa_fechaalta	0.00331437794263931	0.00133344909955061	0.00468864468864469
ctrx_quarter_tend6	0.00325770233868127	0.00248741061230632	0.00688644688644689
Master_fechaalta_tend6	0.00315369534740723	0.000953703074970122	0.00205128205128205
cliente_edad	0.00308688437264978	0.0039475813205085	0.00886446886446887
ccomisiones_mantenimiento_tend6	0.00305272344104145	0.00278166924315285	0.00227106227106227
mrentabilidad_avg6	0.0029780782511371	0.00117381140005703	0.00344322344322344
numero_de_cliente	0.00297077141697395	0.00297380622878352	0.0082051282051282
mcuenta_corriente	0.00295849177201329	0.00366782949006309	0.0054945054945055
Visa_fechaalta_lag1	0.00291723295493053	0.00105000193349962	0.00476190476190476
ctrx_quarter_delta1	0.00291260760180636	0.00398801686772801	0.00673992673992674
mactivos_margen_avg6	0.00291190171729628	0.00262063038101644	0.00571428571428571
tcallcenter_tend6	0.00290684540227889	0.00518682057672742	0.00241758241758242
mactivos_margen_tend6	0.00274095213782442	0.00322411467537165	0.00622710622710623
mcomisiones_mantenimiento_avg6	0.00273825266055691	0.00315601876993084	0.00358974358974359
mcuenta_corriente_tend6	0.00263849713095858	0.00339264903385461	0.00600732600732601
cliente_edad_lag1	0.00263250228508307	0.00302512162672022	0.00622710622710623
mcuentas_saldo_tend6	0.00261825981683864	0.00196326596707905	0.00505494505494506
Master_Fvencimiento_lag1	0.00258265148222768	0.0017213595046748	0.00637362637362637
mcaja_ahorro_dolares_delta1	0.00254010221468691	0.00388160587780611	0.0041025641025641
Visa_status_tend6	0.00244746585609706	0.00155016558275721	0.000805860805860806
Master_fechaalta	0.00243518038476077	0.00230315448018653	0.00446886446886447
Visa_Fvencimiento	0.00240412586296456	0.00164456461049989	0.00659340659340659
Visa_fultimo_cierre_avg6	0.00239299672910736	0.00220021420058012	0.00637362637362637
mpasivos_margen_tend6	0.00235399097048596	0.00419223320312493	0.00476190476190476
chomebanking_trx_avg6	0.00233794256702507	0.00206377979438521	0.00534798534798535
mcaja_ahorro_avg6	0.00230121564207333	0.00333410868825409	0.00542124542124542
ccomisiones_otras_avg6	0.00229679540957788	0.00391545341485102	0.00586080586080586
Master_Fvencimiento	0.002269114399048	0.00278150501710743	0.00673992673992674
mrentabilidad_annual_lag1	0.00225203922896473	0.0025525993673261	0.00542124542124542
chomebanking_trx_delta1	0.00223818304304094	0.00361301193427028	0.00483516483516484
Visa_fechaalta_avg6	0.00221770421100744	0.00160373072776596	0.00490842490842491
ccaja_ahorro	0.00221505473028525	0.00322980368521858	0.00227106227106227
Visa_Fvencimiento_avg6	0.00220036126085423	0.00175751269553063	0.00586080586080586
cproductos_avg6	0.00219941291629189	0.00245030950272633	0.00534798534798535
Visa_Finiciomora	0.00213865359657724	0.00706231396212136	0.00168498168498169
mtarjeta_visa_debitos_automaticos_tend6	0.00210697691615165	0.00412896724058829	0.00446886446886447
Master_Fvencimiento_avg6	0.00207270892316692	0.00165557274721608	0.00534798534798535
mprestamos_personales_delta1	0.00205852461731146	0.00793053563336526	0.00263736263736264
mtarjeta_visa_consumo_avg6	0.00205636657371451	0.000415945637996276	0.00183150183150183
Visa_mfinanciacion_limite	0.00202256866656052	0.00359108051928082	0.00468864468864469
Visa_msaldototal_tend6	0.00200847029196661	0.00277734296006578	0.00322344322344322
mcuentas_saldo_lag1	0.00199835542623701	0.00491715292430498	0.00564102564102564
mrentabilidad	0.00199778964628456	0.00273388545394363	0.00424908424908425
ctransferencias_recibidas_avg6	0.00198636683573289	0.00263326530400017	0.00505494505494506
chomebanking_trx	0.00196039002563931	0.00171584320671758	0.00402930402930403
ccallcenter_trx_avg6	0.00195107648801024	0.00295287714175516	0.00351648351648352
mcuentas_saldo_delta1	0.00194017549222144	0.00457495526321541	0.00498168498168498
mdescubierto_preacordado_delta1	0.00192778658323018	0.0027400351952189	0.000659340659340659
mcuentas_saldo_avg6	0.00190068813359616	0.00311718654811524	0.00468864468864469
mpayroll_avg6	0.00188349840913451	0.00304809630139031	0.00227106227106227
Visa_Fvencimiento_lag1	0.00188077127206052	0.0017870349478231	0.0052014652014652
ctransferencias_recibidas_tend6	0.0018717352521801	0.00381658833717411	0.00512820512820513
mrentabilidad_annual_avg6	0.00186519501128884	0.00230129608028654	0.00512820512820513
Visa_cconsumos_tend6	0.00186379092180579	0.00116361790439289	0.00358974358974359
mcaja_ahorro_delta1	0.00184619265687641	0.00356572331903388	0.00380952380952381
mrentabilidad_tend6	0.0018343424905099	0.00216510127440105	0.0043956043956044
mtarjeta_visa_debitos_automaticos_avg6	0.00182080400132649	0.00123183161331917	0.00249084249084249
Master_fultimo_cierre_avg6	0.00182009926104819	0.00429170277241583	0.00483516483516484
mtransferencias_emitidas_avg6	0.00180559104280695	0.00361870743329226	0.00402930402930403
Visa_cconsumos_avg6	0.00179117641002254	0.00233574211893771	0.0041025641025641
mcaja_ahorro_dolares_avg6	0.00174893064635332	0.00185030041119242	0.00483516483516484
cliente_antiguedad	0.00174624160029666	0.00264753749576498	0.00498168498168498
cproductos_delta1	0.00173581700334154	0.00218322004946677	0.0010989010989011
Master_fechaalta_lag1	0.00173340025108776	0.00148288082419727	0.00417582417582418
mcaja_ahorro_lag1	0.00171816690827308	0.00734783716502007	0.00402930402930403
mtransferencias_recibidas_avg6	0.00171107540942122	0.00156589534307103	0.00446886446886447
cmobile_app_trx_avg6	0.00170713593776219	0.00164845661802613	0.00446886446886447
Master_fechaalta_avg6	0.00167074132697552	0.00226412309061372	0.00468864468864469
ctarjeta_visa_trx_tend6	0.00166440315157884	0.00228431890086177	0.00315018315018315
mactivos_margen_delta1	0.00163680113025275	0.00234075924958363	0.00380952380952381
Master_status_avg6	0.00163118425329421	0.00219450023236762	0.000879120879120879
mcomisiones_mantenimiento	0.00162911452822343	0.00245320916563769	0.00271062271062271
ctrx_quarter_lag1	0.00162203041571332	0.00158678998755492	0.00336996336996337
mcuenta_corriente_delta1	0.00161622567302585	0.00368196141581342	0.0041025641025641
mrentabilidad_delta1	0.0016156568239852	0.00110748304606555	0.00380952380952381
Visa_fultimo_cierre_tend6	0.00159823747879765	0.0011324124599267	0.00307692307692308
mtransferencias_recibidas	0.00156567521943	0.00268147238708938	0.0032967032967033
mrentabilidad_annual	0.00155398545626728	0.00189587738171836	0.00373626373626374
ctarjeta_visa_debitos_automaticos_tend6	0.00153761578286785	0.00199014512845816	0.00241758241758242
Master_mfinanciacion_limite	0.00152200636952804	0.00278363546319208	0.00417582417582418
ccallcenter_trx_tend6	0.00151882497179475	0.00259913074575126	0.00336996336996337
Master_mfinanciacion_limite_avg6	0.00150865651563118	0.00104375735043521	0.00402930402930403
mcomisiones_avg6	0.00148332446154177	0.00204672873819837	0.00380952380952381
mcaja_ahorro_tend6	0.00147819924016145	0.00141819622816191	0.00424908424908425
mrentabilidad_lag1	0.00147510099891962	0.00106839425225194	0.0041025641025641
Visa_fechaalta_tend6	0.00147114688417329	0.00546069970375533	0.00293040293040293
thomebanking_avg6	0.00146217689997168	0.00125563540489333	0.003003663003663
mpasivos_margen_avg6	0.00145426981439002	0.00255571317301401	0.0041025641025641
ccomisiones_mantenimiento_avg6	0.00140761047189949	0.00321433349190664	0.003003663003663
mcomisiones_lag1	0.00139290983105111	0.00102402776245591	0.00315018315018315
Visa_mpagominimo_lag1	0.0013898788171957	0.00163790821440365	0.00271062271062271
Visa_mconsumospesos_avg6	0.00138009916085517	0.00211670949940666	0.00388278388278388
ctrx_quarter_avg6	0.00137381328201555	0.00215463772922149	0.00366300366300366
mtransferencias_recibidas_lag1	0.0013492900313856	0.00316023074370362	0.0032967032967033
Visa_msaldopesos	0.00134376627651332	0.00328388097588873	0.00227106227106227
Visa_mpagominimo	0.00133313672108511	0.00208306662095938	0.00336996336996337
chomebanking_trx_tend6	0.00132171654945207	0.00150013504147981	0.00358974358974359
Visa_mpagospesos_avg6	0.00131822928961343	0.00204156035985712	0.0032967032967033
mcomisiones_otras	0.00130666286032998	0.00139187962834264	0.00285714285714286
Visa_mconsumospesos_tend6	0.00128190268924369	0.00163302036809136	0.00351648351648352
Visa_delinquency_avg6	0.00127512120470805	0.0019187217737202	0.0010989010989011
internet_avg6	0.00127135925834859	0.00238551259404592	0.00344322344322344
ctarjeta_debito_avg6	0.00126922667912152	0.000898728780641565	0.00351648351648352
Visa_cconsumos	0.00126292454654482	0.00121499869324737	0.00336996336996337
ccomisiones_otras	0.00125542902801538	0.00268748535652135	0.00175824175824176
mcuenta_corriente_lag1	0.0012536659711768	0.00326327784511464	0.00293040293040293
mcaja_ahorro_dolares_tend6	0.00125044865123781	0.00138203654813103	0.00234432234432234
ccomisiones_mantenimiento_delta1	0.00124684150529203	0.00210541733649034	0.00139194139194139
ccomisiones_otras_tend6	0.00123184845468033	0.00306898994753957	0.00351648351648352
cliente_antiguedad_avg6	0.00123179837376916	0.00137976184269342	0.00322344322344322
Visa_mconsumospesos_lag1	0.00123057771230759	0.000698183820819289	0.00307692307692308
cproductos	0.00123021811557646	0.00448432045616728	0.00263736263736264
mcomisiones_otras_avg6	0.00122863345752866	0.00215747449705163	0.00293040293040293
cmobile_app_trx_tend6	0.00122757193634951	0.00270758931998413	0.00351648351648352
chomebanking_trx_lag1	0.00121482353776853	0.00105325051436159	0.00322344322344322
Master_Fvencimiento_tend6	0.00121249315817325	0.000791245579334982	0.00278388278388278
ctarjeta_visa_trx_avg6	0.00120972152918454	0.00136478632418698	0.00271062271062271
mcuenta_debitos_automaticos	0.00119958309154242	0.00665548511589875	0.00256410256410256
mautoservicio_avg6	0.00119101085732111	0.00114669114086656	0.00315018315018315
cmobile_app_trx_lag1	0.00118405452698355	0.00130396328647187	0.00322344322344322
mcaja_ahorro_dolares	0.00117420114612439	0.00205556998961619	0.00241758241758242
ctarjeta_visa_tend6	0.00114773099169222	0.000709598778894194	0.000293040293040293
mcomisiones_otras_tend6	0.0011442577526225	0.00160046317854616	0.00315018315018315
ccajas_trx_avg6	0.00114309862433419	0.00257746788277528	0.00293040293040293
Visa_mpagominimo_delta1	0.00113021287944537	0.00147504439657711	0.00256410256410256
cprestamos_personales_avg6	0.00112921113162575	0.00344756592394236	0.00212454212454212
mactivos_margen_lag1	0.00112484900826935	0.00142205529064561	0.00278388278388278
Visa_msaldopesos_avg6	0.0011187838606263	0.00201550682121091	0.00278388278388278
ccaja_ahorro_delta1	0.00110798366694205	0.00345943911760905	0.000586080586080586
Visa_fultimo_cierre	0.00110159675567593	0.00173651622091524	0.003003663003663
ctransferencias_emitidas_avg6	0.00108864938073748	0.000945366980871341	0.00278388278388278
mcaja_ahorro_dolares_lag1	0.00108535350625522	0.00118878991356734	0.00307692307692308
catm_trx_avg6	0.00107242232121811	0.0015600960172483	0.00278388278388278
Visa_msaldototal_avg6	0.00107227687963881	0.00265019306586112	0.00293040293040293
mpayroll_lag1	0.0010693218027401	0.00161977196848203	0.00124542124542125
Visa_mpagospesos	0.00106212886503009	0.00242286278811426	0.00285714285714286
ctransferencias_emitidas_tend6	0.00105927821860871	0.00236572410432389	0.00271062271062271
mpasivos_margen_delta1	0.00104727120138569	0.00126496683861085	0.003003663003663
ccaja_ahorro_avg6	0.00103537049570957	0.00193878630296538	0.00205128205128205
ccajas_consultas_tend6	0.00103514941389755	0.00306990591955581	0.00241758241758242
thomebanking_tend6	0.0010268010891875	0.00105090043465997	0.00197802197802198
Visa_mfinanciacion_limite_avg6	0.00102556523257164	0.00100900132888372	0.00271062271062271
mtransferencias_emitidas_tend6	0.00102503938605179	0.00102305688203542	0.00293040293040293
Master_fultimo_cierre_tend6	0.00102470578683134	0.0036123944643062	0.00271062271062271
Master_mpagospesos_tend6	0.00100110075542165	0.00501767174328425	0.00241758241758242
mes	0.000996301088994775	0.00237255870315027	0.00175824175824176
ccallcenter_trx	0.00098585270023061	0.00252026031389594	0.00146520146520147
mpayroll_delta1	0.000983476610067253	0.00442611055932685	0.00234432234432234
mpasivos_margen_lag1	0.000981975975586465	0.000880450272036226	0.00271062271062271
mcomisiones_tend6	0.000972127861657959	0.000947621220449191	0.00263736263736264
Visa_mpagospesos_lag1	0.000971283047135996	0.00214153808147093	0.003003663003663
Visa_Fvencimiento_tend6	0.000962550285568004	0.00127579228009111	0.00256410256410256
cliente_antiguedad_lag1	0.000957434116353845	0.000771339785294792	0.00249084249084249
ccomisiones_otras_lag1	0.000952845176553635	0.00250655118285828	0.00249084249084249
mcuenta_debitos_automaticos_tend6	0.000952151344169238	0.00463519776934748	0.00234432234432234
Master_mlimitecompra_avg6	0.000950827516434838	0.000701603616069035	0.0021978021978022
ccajas_consultas_avg6	0.000941379505748292	0.00265071619320337	0.00256410256410256
thomebanking	0.000940617667437926	0.00160749345095857	0.00124542124542125
Master_mfinanciacion_limite_lag1	0.000938435434261414	0.00490089704164505	0.00256410256410256
Visa_delinquency_tend6	0.000930291409618018	0.00296259892431012	0.00131868131868132
Visa_mfinanciacion_limite_lag1	0.000929868236328022	0.000610055332841217	0.00227106227106227
ctarjeta_visa_debitos_automaticos_avg6	0.000916446468730713	0.00214921677222073	0.00234432234432234
Visa_mpagospesos_delta1	0.000916250406363013	0.00106132454562194	0.00263736263736264
Visa_mconsumosdolares_tend6	0.000908672736995785	0.00136131810970804	0.00263736263736264
ctarjeta_debito_trx_avg6	0.000901505516753179	0.00240147995799992	0.00271062271062271
Visa_mpagominimo_tend6	0.000897149240623278	0.000799349061466694	0.00227106227106227
Visa_mconsumosdolares_avg6	0.000892147134027668	0.00137049829573024	0.00241758241758242
Master_fultimo_cierre_lag1	0.000888744085413901	0.00125478282712563	0.00256410256410256
mforex_sell_avg6	0.00088620345844127	0.00318808028633591	0.00205128205128205
tmobile_app_avg6	0.000885773136188697	0.000742132507575759	0.00241758241758242
Visa_mconsumospesos	0.00088441773830708	0.000501538855200234	0.00249084249084249
cextraccion_autoservicio_avg6	0.000873497874723216	0.00143574245832157	0.00249084249084249
Visa_mlimitecompra	0.00087071046707655	0.001520720701398	0.00234432234432234
mcomisiones	0.000868458992319226	0.00209445162899561	0.00227106227106227
ccomisiones_mantenimiento	0.000847230223333187	0.00258755355830018	0.000952380952380952
Visa_msaldopesos_delta1	0.000845703059804836	0.00142159905172307	0.00234432234432234
mpayroll_tend6	0.00084061804436199	0.0016245529929897	0.00205128205128205
cprestamos_personales	0.000839374495698501	0.00391025658397303	0.000879120879120879
mtransferencias_recibidas_tend6	0.000835695083832902	0.00131885095153152	0.00227106227106227
mtransferencias_emitidas	0.000835209011477036	0.00461528498696493	0.00212454212454212
Visa_cconsumos_lag1	0.000820880511245301	0.00172759360522568	0.00234432234432234
mpagomiscuentas_avg6	0.000820399517520662	0.00107830272338133	0.00212454212454212
cpagomiscuentas_avg6	0.000817286378810867	0.00105010775696962	0.00205128205128205
Visa_mpagado_avg6	0.000816410015634125	0.00224168801580715	0.0019047619047619
ctarjeta_visa_avg6	0.000788662475420121	0.00135977368604687	0.000805860805860806
mcomisiones_otras_delta1	0.000786535516946985	0.000827108254815634	0.00183150183150183
Visa_mconsumosdolares_lag1	0.000773002917654176	0.00153746676635763	0.0021978021978022
mtarjeta_master_consumo	0.000762321221729668	0.00070985734756145	0.000586080586080586
mextraccion_autoservicio_tend6	0.00076023734821846	0.00101586188441028	0.0019047619047619
Master_fultimo_cierre	0.00075722268465573	0.000700728076605007	0.00212454212454212
Visa_mlimitecompra_avg6	0.000735716057570619	0.00143882731230543	0.00205128205128205
mtarjeta_visa_consumo_lag1	0.000734966514859981	0.000848308888861347	0.00183150183150183
ccajas_trx_tend6	0.000732456261835993	0.00191588151171888	0.00205128205128205
Master_cconsumos_avg6	0.000729773818449016	0.00391341581388628	0.00234432234432234
ctarjeta_visa_trx_lag1	0.000729612260106831	0.00268266939030189	0.0019047619047619
mpagomiscuentas	0.000729021591428999	0.00286563068241616	0.00131868131868132
ccuenta_debitos_automaticos_avg6	0.000718878343329962	0.00230399008626565	0.00205128205128205
ctarjeta_debito_trx_lag1	0.00071727130684156	0.00186702750779422	0.00227106227106227
mpagomiscuentas_tend6	0.00071557994236339	0.00322290818798023	0.00197802197802198
ccaja_ahorro_tend6	0.000714223267125182	0.00181483407455694	0.000659340659340659
mtransferencias_emitidas_delta1	0.000711955493400412	0.000736952149219043	0.0019047619047619
Visa_mlimitecompra_lag1	0.000707906023439259	0.00074422252110819	0.00183150183150183
Visa_msaldototal_lag1	0.000706814931230486	0.000624261135353624	0.00153846153846154
mcuenta_debitos_automaticos_avg6	0.000695638181035362	0.00100934026348809	0.00183150183150183
Visa_fultimo_cierre_delta1	0.000695249008142088	0.00014699528900018	0.00102564102564103
ccaja_seguridad	0.000692759411276548	0.00258341596045678	0.000732600732600733
ccajas_extracciones_avg6	0.000692726216685891	0.00320623450228073	0.00205128205128205
Visa_fultimo_cierre_lag1	0.000679250925858584	0.000399408724140078	0.00183150183150183
Master_mlimitecompra	0.000675558338165611	0.000448344591503788	0.00175824175824176
Visa_cconsumos_delta1	0.000673021662914688	0.00230412386310508	0.00168498168498169
mcomisiones_otras_lag1	0.000672496158990719	0.000308938143137366	0.00183150183150183
Visa_msaldopesos_tend6	0.00066384547672598	0.000441970224938433	0.00197802197802198
Visa_mconsumosdolares	0.00065863942164152	0.00148024871496476	0.00205128205128205
mautoservicio_tend6	0.000657457031477133	0.00108516627391176	0.00183150183150183
mprestamos_personales_avg6	0.000656640223848493	0.00157736021787707	0.00183150183150183
mtransferencias_emitidas_lag1	0.00065225070452936	0.000573551227365539	0.00183150183150183
Master_mpagospesos_avg6	0.000648997379783138	0.00372168864461819	0.00197802197802198
Master_mconsumospesos_avg6	0.000643060127548918	0.00122348653420878	0.00153846153846154
mcomisiones_mantenimiento_lag1	0.000641633306764334	0.00215730577850041	0.0019047619047619
Visa_msaldopesos_lag1	0.000641491913462329	0.00230424865493291	0.00168498168498169
tmobile_app_tend6	0.000637170670007782	0.00326455671176621	0.00183150183150183
Master_mpagominimo	0.000627729949428187	0.00363487646084003	0.00131868131868132
cpayroll_trx_avg6	0.000616319298945562	0.00337616203672954	0.00124542124542125
Master_mpagominimo_tend6	0.000612277237460165	0.00104806466516445	0.00124542124542125
mtarjeta_visa_debitos_automaticos_lag1	0.000610625890940819	0.00190894757859755	0.00153846153846154
mcomisiones_delta1	0.000601599492295017	0.00153808223965247	0.00175824175824176
cmobile_app_trx	0.000600777480288344	0.00136459364560482	0.00175824175824176
Visa_mpagado_tend6	0.000598224868554392	0.00494544073583659	0.00183150183150183
mautoservicio	0.000585814682048657	0.00213056987813965	0.00175824175824176
matm_other_avg6	0.000580132411938988	0.00150590541559849	0.00153846153846154
mtarjeta_visa_consumo_delta1	0.000577265014246596	0.000537006190170333	0.00161172161172161
ctransferencias_recibidas_lag1	0.000568368390635677	0.000623155978926396	0.00168498168498169
Visa_mconsumospesos_delta1	0.00055619315193325	0.000545454097746846	0.00175824175824176
tpaquete7_tend6	0.000555118042400211	0.00264164232981848	0.000512820512820513
ctarjeta_visa_trx_delta1	0.000553995540435555	0.000827552513722695	0.0010989010989011
cliente_edad_tend6	0.000537503829760401	0.000453159060221317	0.00153846153846154
cproductos_lag1	0.000537185370519612	0.00144876673180812	0.00161172161172161
mpagomiscuentas_lag1	0.000536963355550805	0.00083470408379175	0.00139194139194139
cplazo_fijo	0.00053690684455102	0.00157865905122108	0.000366300366300366
ctarjeta_debito_trx	0.00053660168912989	0.000221081202176642	0.00131868131868132
tmobile_app_delta1	0.000530836045358896	0.000179535506856792	0.00124542124542125
Visa_msaldototal_delta1	0.000525222665573016	0.00155511981832191	0.00153846153846154
ctarjeta_master_trx_tend6	0.0005166475032475	0.00132727240324054	0.00139194139194139
cforex_avg6	0.000516217362878701	0.00164142834228296	0.00131868131868132
cextraccion_autoservicio_tend6	0.000515652070997083	0.00160931141830634	0.00124542124542125
ccaja_seguridad_lag1	0.000515043424375312	0.000289620368189892	0.00021978021978022
internet_tend6	0.000510573621975485	0.00191440497481204	0.00139194139194139
mplazo_fijo_dolares_tend6	0.000507863300970601	0.00263550307105675	0.000952380952380952
Master_mpagominimo_avg6	0.000504236963880829	0.00181442725319823	0.00153846153846154
matm_tend6	0.000503288476570204	0.0010893807435211	0.00161172161172161
internet	0.000503229736451648	0.00055873244739485	0.00117216117216117
Master_msaldopesos_avg6	0.000494795123128151	0.000690014448602484	0.00124542124542125
Master_msaldopesos	0.000494549984861384	0.00240433619335521	0.00131868131868132
Visa_mconsumosdolares_delta1	0.000493710237422471	0.00108234547943558	0.00131868131868132
tcallcenter_avg6	0.000491515510402541	0.00122100217850042	0.00131868131868132
Master_msaldototal_avg6	0.000485816576595531	0.00158175888022428	0.00139194139194139
cpayroll_trx_tend6	0.000485688779987762	0.000731646499867191	0.00124542124542125
ccomisiones_otras_delta1	0.000483683688775528	0.00155878769972537	0.00139194139194139
Master_cconsumos_tend6	0.000483556130188501	0.0012195396182783	0.00124542124542125
ccuenta_debitos_automaticos_tend6	0.000481995969030051	0.00130967226301126	0.0010989010989011
catm_trx_tend6	0.000466827001523092	0.000843145502193216	0.00161172161172161
mautoservicio_lag1	0.000465737781722761	0.000654060425503863	0.00146520146520147
Master_msaldototal	0.000464069809679212	0.00139528345023843	0.00102564102564103
Visa_Finiciomora_lag1	0.000459578327503438	0.00173490291216511	0.000586080586080586
matm_avg6	0.000459481770636738	0.000949617889694408	0.00117216117216117
ctarjeta_visa_descuentos_avg6	0.000459274704140338	0.00414984191837972	0.0010989010989011
cpagomiscuentas_tend6	0.000455461693350042	0.0013005909121167	0.00146520146520147
mtarjeta_master_consumo_avg6	0.000449548325310274	0.000793181350168219	0.000659340659340659
mtarjeta_visa_debitos_automaticos	0.000441829372348714	0.000265338873498809	0.00102564102564103
ctarjeta_debito_trx_tend6	0.000440420723902366	0.000681848071389547	0.00153846153846154
Visa_mconsumototal_tend6	0.000438786424094869	0.000200963761196459	0.000879120879120879
Visa_mconsumototal	0.000438320627128423	0.000435194028687478	0.0010989010989011
matm_other_tend6	0.000432014606986547	0.00164696211109608	0.00131868131868132
Master_msaldototal_tend6	0.000430890581945775	0.00119221519965751	0.000805860805860806
ctarjeta_debito	0.000430540351427034	0.000914321769112086	0.00139194139194139
mtransferencias_recibidas_delta1	0.000422393872796215	0.000750693726131938	0.00124542124542125
mextraccion_autoservicio_delta1	0.000421746911892379	0.000607954836795248	0.00102564102564103
ccajas_depositos_avg6	0.00041599160117274	0.0051609212807804	0.00124542124542125
Master_mlimitecompra_lag1	0.000415758653930551	0.000933055518305334	0.00117216117216117
ctarjeta_master_tend6	0.000410260761038273	0.00021022231648653	0.000146520146520147
ctarjeta_master_trx_avg6	0.000408633724391982	0.00173360108381722	0.0010989010989011
tmobile_app	0.000407295546124072	0.000253848041992586	0.000732600732600733
mplazo_fijo_dolares_delta1	0.000396417280995246	0.00387495746838684	0.000659340659340659
mcuenta_debitos_automaticos_lag1	0.000392995544545492	0.00141169207809562	0.00124542124542125
ccajas_otras_tend6	0.000392814792813833	0.00482595156235852	0.00124542124542125
ctarjeta_debito_trx_delta1	0.00037944315584901	0.0011926165301758	0.00117216117216117
Master_mlimitecompra_tend6	0.000372399098187725	0.00277995160843466	0.000805860805860806
Master_msaldototal_lag1	0.00036758667038469	0.000990167247060896	0.000659340659340659
Master_mconsumospesos_tend6	0.000367182378683412	0.00130543083836711	0.00102564102564103
mextraccion_autoservicio_avg6	0.000365855491003126	0.000344597158355006	0.00124542124542125
Visa_status_avg6	0.000365398928728174	0.00106345399337196	0.000512820512820513
Master_mpagominimo_lag1	0.000360281636774672	0.000665304169190991	0.00102564102564103
ctarjeta_debito_tend6	0.000357657759000479	0.00583664456926024	0.000952380952380952
Master_status	0.000351963237879872	0.00107887227328352	0.000366300366300366
Visa_Finiciomora_tend6	0.00035098462234013	0.00291357570266693	0.000732600732600733
Master_msaldopesos_lag1	0.000348306283367411	0.00116192622637488	0.000805860805860806
Visa_msaldodolares_avg6	0.000346678213800924	0.00170601659902724	0.0010989010989011
internet_delta1	0.000346287560816412	0.000166004578549268	0.000805860805860806
Master_mfinanciacion_limite_delta1	0.000342343476302595	0.0034681006687948	0.000805860805860806
ctransferencias_emitidas_lag1	0.000341298796855165	0.00242485296818443	0.00102564102564103
ccajas_consultas	0.000341018342341164	0.0033689845099603	0.000659340659340659
Master_mfinanciacion_limite_tend6	0.000339241791458803	0.000324353428045063	0.000659340659340659
cprestamos_personales_tend6	0.000338497798929916	0.000416967932649827	0.000512820512820513
Visa_mconsumototal_lag1	0.000334642023318796	0.000219850255586966	0.000805860805860806
mtarjeta_master_consumo_tend6	0.000332153006428322	0.000687562538769358	0.000732600732600733
mcomisiones_mantenimiento_delta1	0.000331702937115387	0.00200037256749948	0.000879120879120879
cmobile_app_trx_delta1	0.000329799235681554	0.00119777642267275	0.00117216117216117
mtarjeta_visa_debitos_automaticos_delta1	0.000327333088991515	0.000899352739780695	0.000879120879120879
cplazo_fijo_avg6	0.000317861761254276	0.00203897367484994	0.000732600732600733
Master_mpagospesos	0.000317020293457905	0.000959186427884799	0.000879120879120879
ccaja_ahorro_lag1	0.000314774922232436	0.000456738089843368	0.000586080586080586
ctarjeta_visa_debitos_automaticos_lag1	0.000314128676032388	0.000433193865271082	0.000952380952380952
Master_msaldopesos_tend6	0.000309712504645538	0.00027388561620296	0.000805860805860806
Visa_mlimitecompra_tend6	0.000307909759933502	0.00486584651137989	0.000879120879120879
mprestamos_prendarios	0.000305049048314295	0.005402396961795	0.000805860805860806
mautoservicio_delta1	0.000300673336604004	0.000814756858864722	0.000879120879120879
mplazo_fijo_dolares_avg6	0.000295859821989283	0.00414703659809019	0.000805860805860806
ccajas_otras_delta1	0.000295005245409116	0.00227902023985228	0.00043956043956044
mprestamos_hipotecarios_avg6	0.000292636410387398	0.00501871849713605	0.000732600732600733
internet_lag1	0.000289768207530506	0.000111176540242923	0.000879120879120879
cextraccion_autoservicio	0.000284809698186748	0.000735163133575329	0.000732600732600733
cforex_sell_avg6	0.000283218159350682	0.000676500991150856	0.000732600732600733
Visa_mfinanciacion_limite_delta1	0.000282546317259856	0.00153810470218148	0.000512820512820513
Visa_status_delta1	0.000278191057369453	0.000642733820043059	0.000293040293040293
Master_status_lag1	0.000276519283088919	0.00274689375407622	0.000366300366300366
mextraccion_autoservicio_lag1	0.000274625680535093	0.000245513445395739	0.000805860805860806
cseguro_accidentes_personales_avg6	0.000270627075157174	0.000251611772437943	0.000586080586080586
mcheques_depositados_avg6	0.00027030918979658	0.00122908020309926	0.000659340659340659
ccuenta_debitos_automaticos_lag1	0.000268360469722886	0.00162531122813557	0.000805860805860806
cplazo_fijo_tend6	0.000265663837156082	0.00329345700158879	0.000659340659340659
ccaja_seguridad_avg6	0.000260646402281385	0.00044124193983124	0.000293040293040293
cforex_tend6	0.000258288195431079	0.000411656293290238	0.000659340659340659
ctransferencias_emitidas_delta1	0.000257439765046863	0.00085646578189537	0.000659340659340659
ccajas_extracciones_tend6	0.000256501294816664	0.000959509888302524	0.000879120879120879
cseguro_vida_avg6	0.000256348325109676	0.00189447072823511	0.000732600732600733
Master_mlimitecompra_delta1	0.000254660065166184	0.00239654518996037	0.000805860805860806
ctarjeta_visa_debitos_automaticos	0.000252741002091866	0.000856175765687502	0.000586080586080586
Master_Finiciomora	0.000252502366731379	0.00111644509597271	0.00043956043956044
Visa_mconsumototal_delta1	0.000250934173816446	0.000286845497106352	0.000732600732600733
mtarjeta_master_consumo_lag1	0.000242811242879059	0.00040652435416272	0.000586080586080586
active_quarter_avg6	0.000242031581562784	0.000827203595772093	0.000586080586080586
Visa_mconsumototal_avg6	0.000240737682209898	0.000169980945351117	0.000659340659340659
catm_trx_other_avg6	0.000239537272399826	0.000585372008464534	0.000659340659340659
mdescubierto_preacordado_lag1	0.000237968816443104	0.000350663039521975	0.00043956043956044
Visa_mpagosdolares_avg6	0.000237458324827294	0.000966239661993527	0.000732600732600733
cliente_vip	0.000237101790929093	0.00110232964274364	0.000512820512820513
ctransferencias_emitidas	0.00023691692451813	7.80797508342073e-05	0.000659340659340659
Visa_fechaalta_delta1	0.000235607995855605	5.78225430068591e-05	0.000293040293040293
Master_mconsumospesos_delta1	0.000232700272894593	0.000857615364213303	0.000659340659340659
mplazo_fijo_dolares	0.000230992967442437	0.00175794697109147	0.000366300366300366
ccallcenter_trx_delta1	0.000230643366940858	0.00147842725344581	0.000512820512820513
Master_mpagospesos_delta1	0.0002304865966008	0.000772835290559459	0.000659340659340659
Visa_mpagosdolares	0.000230330431256858	0.000413052464259956	0.000732600732600733
Master_fultimo_cierre_delta1	0.000230272164934305	9.2764254798155e-05	0.000659340659340659
Visa_mpagado_delta1	0.000225914717306094	0.000816885807447435	0.000586080586080586
ctarjeta_master_descuentos_avg6	0.000224248451505564	0.00165255428248463	0.000659340659340659
mforex_sell_tend6	0.000222922185181309	0.00217441024558956	0.000805860805860806
Master_mpagado_avg6	0.000221615987662435	0.000679938756423809	0.000659340659340659
ccajas_otras_avg6	0.000216293356947991	0.00179155640532889	0.000586080586080586
Master_mconsumospesos_lag1	0.000214495135271598	0.000136385487798409	0.000586080586080586
cforex_sell_tend6	0.000214048010422788	0.00172201790635841	0.000659340659340659
ccheques_emitidos_avg6	0.000206491329865636	0.00458342713082287	0.000732600732600733
mttarjeta_master_debitos_automaticos_tend6	0.000205898234146124	0.00206070043124177	0.000659340659340659
mtarjeta_visa_descuentos_avg6	0.000204405264125663	0.00358892611316523	0.000732600732600733
mextraccion_autoservicio	0.000203709681230238	0.000442110490952909	0.000586080586080586
Visa_mfinanciacion_limite_tend6	0.000202500226952794	0.000443007494611323	0.00043956043956044
matm	0.000201296130708282	0.00027810707415466	0.000586080586080586
Visa_delinquency_lag1	0.000196918831765341	0.000236142577460625	0.00021978021978022
ctarjeta_master_trx_lag1	0.000195276930050138	0.000141042718812877	0.000586080586080586
Visa_Finiciomora_avg6	0.000193089869094448	0.00173716014674682	0.00043956043956044
ctarjeta_debito_lag1	0.000191585922532596	7.71652763198979e-05	0.00043956043956044
mttarjeta_master_debitos_automaticos_lag1	0.000191023120886843	0.000554578377030176	0.00043956043956044
matm_lag1	0.000187611219954524	0.000546901183782317	0.000659340659340659
tmobile_app_lag1	0.000187483581813394	0.000251417596353846	0.000586080586080586
Master_Finiciomora_avg6	0.000184958109897209	0.00260341659628611	0.000512820512820513
ctarjeta_master_debitos_automaticos_avg6	0.000184672445231088	0.000545344280938359	0.000512820512820513
Visa_mpagado	0.000183262675328527	0.000376808924120779	0.000659340659340659
ctransferencias_recibidas	0.000183154221274174	0.00091373774335786	0.000586080586080586
ccallcenter_trx_lag1	0.000181885391728489	0.00115842456768608	0.000512820512820513
thomebanking_delta1	0.00018059255416624	0.000187875095126751	0.000293040293040293
Visa_mlimitecompra_delta1	0.000179609605494196	0.000479334894858799	0.00043956043956044
mcuenta_debitos_automaticos_delta1	0.000179054117051745	0.000920919263465594	0.000659340659340659
mforex_buy_avg6	0.000178814647014752	0.00293500495534122	0.000512820512820513
Master_mconsumosdolares_avg6	0.000176889636629738	0.000820126401632422	0.00043956043956044
mforex_buy_tend6	0.000176776903334572	0.00352152055611595	0.000512820512820513
Master_msaldototal_delta1	0.000174077766096683	0.000426836969561622	0.000512820512820513
Visa_mpagado_lag1	0.000173083174296861	0.000764524653993555	0.00043956043956044
Master_mconsumospesos	0.000172979082886816	0.000931697284051275	0.000586080586080586
Visa_msaldodolares_tend6	0.000171400382414755	0.000252423917653435	0.000512820512820513
cforex_buy_tend6	0.000171108379724646	0.00251179593379816	0.00043956043956044
ctransferencias_recibidas_delta1	0.000166434052710294	0.000605203925742651	0.000586080586080586
matm_delta1	0.000164465376105155	0.000220609988234771	0.000512820512820513
cliente_vip_delta1	0.000162199744567053	0.000278165476730083	0.000366300366300366
mcaja_ahorro_adicional	0.000160406564311096	0.00181845154006196	0.00043956043956044
matm_other	0.00015620659916047	0.000369231065167869	0.00043956043956044
mttarjeta_master_debitos_automaticos_avg6	0.000155942648914823	0.000369208103471549	0.00043956043956044
cprestamos_personales_lag1	0.000155857854507054	0.000775266235365511	0.000512820512820513
Master_mpagominimo_delta1	0.00015559666940802	0.00162202021805215	0.000512820512820513
mcaja_ahorro_adicional_avg6	0.000155533353324681	0.00106080441328356	0.000366300366300366
minversion1_pesos_avg6	0.000154766431250566	0.00128720973400257	0.00021978021978022
cpagomiscuentas_lag1	0.000154741782310229	0.000180025189989181	0.00043956043956044
Visa_msaldodolares_lag1	0.000154483343752413	0.000856029010497978	0.000586080586080586
cextraccion_autoservicio_lag1	0.000154416552951196	0.00206750458086216	0.000586080586080586
Master_cconsumos	0.000152086657737749	0.000545783049004996	0.00043956043956044
Master_delinquency	0.000149298870284402	4.83203940688718e-05	0.000146520146520147
ctarjeta_master_trx	0.000147881428543513	0.00153535279279426	0.000512820512820513
ctarjeta_visa_debitos_automaticos_delta1	0.000147643632992055	0.00157253776248256	0.00043956043956044
cseguro_accidentes_personales_lag1	0.000147116157217016	9.63657469492151e-05	0.000293040293040293
active_quarter_tend6	0.000145783522073638	0.0017188117547179	0.000512820512820513
mtarjeta_master_consumo_delta1	0.000140213440249379	0.000624993413799307	0.000366300366300366
ccheques_depositados_avg6	0.000139328434225168	0.000798396650236726	0.00043956043956044
Master_mpagospesos_lag1	0.000138927967857226	0.000118378027043109	0.00043956043956044
cpagomiscuentas	0.000138218008444894	0.000919892476306241	0.000586080586080586
Visa_msaldodolares	0.000138151782541959	0.00269487103605941	0.000659340659340659
mcajeros_propios_descuentos_avg6	0.000137885779608009	0.00301416340673516	0.000293040293040293
catm_trx_other_tend6	0.000135097702167129	0.000470710282054085	0.000366300366300366
Master_mconsumototal_tend6	0.000133343523951281	0.000274418726891433	0.000293040293040293
mpagomiscuentas_delta1	0.000132455913171792	0.000133384493922848	0.000512820512820513
Visa_mpagosdolares_tend6	0.000130851484646494	0.000995499851447559	0.000586080586080586
tcuentas_avg6	0.000129462230720354	0.00197558741299129	0.000366300366300366
Master_delinquency_tend6	0.000129029130489862	0.000533957775400198	0.000366300366300366
mprestamos_prendarios_tend6	0.000126908746136758	0.0029822616238697	0.000366300366300366
mttarjeta_master_debitos_automaticos_delta1	0.000126823562298828	0.00104045635700555	0.000366300366300366
catm_trx_lag1	0.000125347826648077	0.00238361226409179	0.000512820512820513
tpaquete9_avg6	0.00012396392850939	0.000361889312353207	0.000293040293040293
Master_mpagosdolares_avg6	0.000123273460493633	0.00194499744181994	0.00043956043956044
Master_cconsumos_lag1	0.000121782059421209	0.000537040133547502	0.000366300366300366
cprestamos_hipotecarios_avg6	0.000115067081473342	0.000886901011200211	0.00021978021978022
thomebanking_lag1	0.000113988357361181	0.000232826609011631	0.000293040293040293
Visa_Finiciomora_delta1	0.000112659919338252	0.000462830926045148	0.000146520146520147
tpaquete7_avg6	0.000112578955717125	0.00190909383461976	0.000659340659340659
Master_msaldopesos_delta1	0.00011249174068333	0.00079788550290995	0.000366300366300366
mforex_sell_delta1	0.000108563002412429	0.000849254311748957	0.000366300366300366
mplazo_fijo_dolares_lag1	0.000103889339418203	0.00159518947590223	0.000366300366300366
ccheques_depositados_rechazados_avg6	0.000102001956198776	0.0027146884774855	0.000293040293040293
Master_msaldodolares	0.000101430349710306	0.00102765021963404	0.000293040293040293
Visa_msaldodolares_delta1	0.000101094494104558	0.00081027433640921	0.000293040293040293
mforex_sell_lag1	0.000100740149868861	2.98372268658989e-05	0.00021978021978022
Master_madelantopesos_avg6	0.000100049426510098	0.000838475292828654	0.000293040293040293
minversion2_avg6	9.98018862227007e-05	0.000757732484388639	0.000146520146520147
Master_cconsumos_delta1	9.46720952932573e-05	0.000411602882387929	0.000293040293040293
mcheques_emitidos_tend6	9.38553640108925e-05	0.0023806322352433	0.000366300366300366
tpaquete7_delta1	9.21540000953439e-05	0.00193223922451032	0.00021978021978022
ccuenta_debitos_automaticos_delta1	9.16670455871373e-05	0.000987952441700638	0.000293040293040293
Master_mconsumototal_lag1	9.05262859560546e-05	6.09133869984549e-05	0.00021978021978022
Master_delinquency_avg6	8.91322401783956e-05	0.000364030240951391	0.00021978021978022
mcheques_depositados_tend6	8.84508220833147e-05	0.00100981696827039	0.000293040293040293
ccuenta_debitos_automaticos	8.52073641308374e-05	0.000378073314920312	0.000293040293040293
ctarjeta_visa_descuentos_tend6	8.50093783502502e-05	0.000571715289994561	0.000293040293040293
Master_mconsumototal_delta1	8.38944417240757e-05	9.08219947898703e-05	0.00021978021978022
Visa_mpagosdolares_lag1	8.30132696943323e-05	0.000173628360894817	0.000366300366300366
Master_mpagado_tend6	8.20296358305055e-05	0.00029322485534482	0.00021978021978022
ctarjeta_master_debitos_automaticos_tend6	7.99657688928393e-05	0.000241135748075601	0.00021978021978022
Visa_mpagosdolares_delta1	7.92872455405694e-05	0.000125777683265883	0.000293040293040293
matm_other_lag1	7.75226675505711e-05	0.000120043748360931	0.000146520146520147
Master_mpagado	7.68864541492995e-05	0.000749248636765712	0.000293040293040293
Master_mpagosdolares_tend6	7.61272552387393e-05	0.00122418387094268	0.000293040293040293
ccajas_depositos_tend6	7.48926852821741e-05	0.000295070276894712	0.00021978021978022
tpaquete9_tend6	7.45405820342071e-05	6.92165360546894e-05	7.32600732600733e-05
mttarjeta_master_debitos_automaticos	7.43123964899668e-05	0.000185429674468672	0.00021978021978022
Visa_status_lag1	7.32145178030344e-05	6.14489935234843e-05	7.32600732600733e-05
Master_mconsumosdolares_lag1	7.27773628795975e-05	0.000207319159403985	0.00021978021978022
ccajas_trx_lag1	7.1594311261346e-05	8.03659371199807e-06	0.000146520146520147
cseguro_auto_avg6	7.13565099357998e-05	0.000810861357167304	0.00021978021978022
ccheques_depositados_tend6	7.0921045537032e-05	0.000444208491162321	0.000293040293040293
cpayroll_trx_delta1	7.05155059911693e-05	0.00149542989040346	0.000293040293040293
tcuentas_tend6	6.62700926726873e-05	0.000305863771667043	0.000146520146520147
Visa_delinquency	6.58193481122326e-05	0.000100247771129228	7.32600732600733e-05
mforex_sell	6.31345383115017e-05	5.99370157375438e-05	0.00021978021978022
Master_mpagosdolares	6.25628958953725e-05	4.14857952424944e-06	7.32600732600733e-05
Master_mconsumototal_avg6	6.15068293047351e-05	9.14873848158388e-06	0.000146520146520147
Master_status_tend6	6.06476527010854e-05	3.61022757900783e-05	0.000146520146520147
mprestamos_prendarios_delta1	5.99733867764073e-05	0.00203316286817905	0.00021978021978022
cseguro_vida_tend6	5.93465902711865e-05	0.000704791797686335	0.000293040293040293
cpagomiscuentas_delta1	5.84433971527359e-05	0.000259225072269955	0.000146520146520147
minversion2	5.81703058841343e-05	0.00147419431464595	0.000146520146520147
cseguro_accidentes_personales	5.81558437182551e-05	0.000145194792508306	0.00021978021978022
mcheques_emitidos_avg6	5.63884710696386e-05	0.00113156187882824	0.000146520146520147
cseguro_vivienda_avg6	5.57053810552834e-05	0.000160933537833728	0.000146520146520147
mcheques_depositados	5.51307361133662e-05	0.00125420229554258	0.000293040293040293
Visa_cadelantosefectivo	5.50928734933001e-05	0.000359476836737673	7.32600732600733e-05
Master_delinquency_delta1	5.38204851846774e-05	4.91979302021447e-06	7.32600732600733e-05
matm_other_delta1	5.3705161248671e-05	0.000783243927334775	0.00021978021978022
ccajas_trx_delta1	5.34388834039732e-05	0.000209745611704235	0.000146520146520147
cinversion2_avg6	5.29210631872913e-05	0.0018762865622516	0.00021978021978022
cseguro_auto_lag1	5.12486165462825e-05	0.000511042501640155	0.000146520146520147
minversion1_pesos	5.11203214422455e-05	0.00140235864770885	0.000146520146520147
Master_msaldodolares_delta1	5.10604710948699e-05	0.000508109893686243	0.000146520146520147
Master_mconsumosdolares_delta1	4.9635501867855e-05	0.000231304148712153	0.000146520146520147
catm_trx_delta1	4.92043750923465e-05	1.43046376400453e-05	0.000146520146520147
mtarjeta_visa_descuentos_delta1	4.84789712776009e-05	0.000143058855583235	0.00021978021978022
Master_mpagado_lag1	4.8386400456354e-05	0.000259522575987492	0.00021978021978022
catm_trx	4.82260816184043e-05	4.12591732831622e-05	0.000146520146520147
tcallcenter_lag1	4.60941266344054e-05	5.60524957209743e-05	0.00021978021978022
ccomisiones_mantenimiento_lag1	4.5810281447586e-05	0.000148747865430169	0.000146520146520147
cforex_buy_delta1	4.4846797867937e-05	0.000523470769357008	7.32600732600733e-05
cextraccion_autoservicio_delta1	4.41823671399109e-05	2.74656829698925e-05	0.000146520146520147
tcuentas_lag1	4.40934500332715e-05	0.000654218162374236	0.000146520146520147
tpaquete9_lag1	4.36693612295353e-05	2.40958044512777e-05	7.32600732600733e-05
ccajeros_propios_descuentos_avg6	4.30055412717123e-05	0.00147005272346406	0.000146520146520147
Master_Fvencimiento_delta1	4.24984634250722e-05	7.60780899158773e-06	7.32600732600733e-05
mcheques_emitidos_rechazados_delta1	4.20257093240864e-05	3.2396956838267e-05	7.32600732600733e-05
ccheques_depositados_delta1	4.13883994876499e-05	0.00173167329966097	0.00021978021978022
Master_Finiciomora_lag1	4.11930345014738e-05	0.00063621219912087	0.000146520146520147
mtarjeta_visa_descuentos_tend6	4.10484166920736e-05	0.000171468963106115	0.000146520146520147
cforex_buy_avg6	4.09856446561426e-05	0.00133828503246253	0.000293040293040293
Visa_Fvencimiento_delta1	4.0882093444113e-05	1.82909877881208e-05	0.000146520146520147
Master_delinquency_lag1	3.9940747718063e-05	5.03360316719183e-06	7.32600732600733e-05
cprestamos_prendarios_avg6	3.95247439207331e-05	0.000537534309185693	0.000146520146520147
mtarjeta_master_descuentos_avg6	3.89704661120784e-05	0.00126082025575585	0.000146520146520147
cprestamos_prendarios_tend6	3.80574698752427e-05	0.000862374924526589	0.000146520146520147
ccajas_depositos_lag1	3.73403242895451e-05	6.54283553292016e-05	7.32600732600733e-05
catm_trx_other	3.68243633292166e-05	0.000277683281107363	0.000146520146520147
mcaja_ahorro_adicional_delta1	3.57881365051327e-05	0.000981137809566713	0.000146520146520147
ccajas_consultas_lag1	3.57006654867681e-05	1.5515118369958e-05	7.32600732600733e-05
cseguro_accidentes_personales_tend6	3.55779879288424e-05	0.00029049590765392	0.000146520146520147
mtarjeta_master_descuentos	3.51925123766193e-05	0.000914888823177728	0.000146520146520147
ctarjeta_master_descuentos_tend6	3.43979901616061e-05	2.7834068445635e-05	7.32600732600733e-05
cinversion1_tend6	3.43561421376522e-05	0.000126062208633326	7.32600732600733e-05
cseguro_vivienda	3.3825173680906e-05	0.000291987918747408	0.000146520146520147
ctarjeta_master_trx_delta1	3.31774146697878e-05	0.000414063777232659	0.000146520146520147
Visa_cadelantosefectivo_avg6	3.30725803270796e-05	1.31191152756977e-05	7.32600732600733e-05
mforex_buy	3.26898814696451e-05	0.000169394922927646	7.32600732600733e-05
ccajas_extracciones	3.26430157631723e-05	5.32022503734272e-05	0.000146520146520147
cpagodeservicios_avg6	3.24524355712969e-05	0.00126344787248256	0.000146520146520147
mcheques_depositados_rechazados_avg6	3.23593598381279e-05	2.10738455486419e-05	7.32600732600733e-05
mprestamos_hipotecarios	3.16735008277681e-05	0.000647120502374801	7.32600732600733e-05
mcheques_depositados_delta1	3.1498519013988e-05	0.000887433123554061	0.000146520146520147
minversion1_pesos_delta1	3.11673032087736e-05	2.38167699242586e-05	7.32600732600733e-05
cliente_vip_avg6	3.11256130098931e-05	0.00128416830757479	0.000146520146520147
ctarjeta_debito_delta1	2.91457898485488e-05	0.000251774500981428	7.32600732600733e-05
cseguro_vivienda_tend6	2.91439036464512e-05	0.000256059852348975	7.32600732600733e-05
Master_mpagosdolares_delta1	2.90074170361616e-05	7.62303359458251e-05	7.32600732600733e-05
tcallcenter_delta1	2.76099286188918e-05	9.05239919050217e-06	7.32600732600733e-05
Visa_cadelantosefectivo_tend6	2.64701031069432e-05	0.00010641797826426	7.32600732600733e-05
ccajas_otras_lag1	2.56630267413699e-05	0.000373724070136919	7.32600732600733e-05
ccajas_consultas_delta1	2.54175638425414e-05	0.000617146004498293	7.32600732600733e-05
Master_mpagado_delta1	2.51515990817292e-05	5.5000251028745e-05	7.32600732600733e-05
mcajeros_propios_descuentos_lag1	2.47869898006026e-05	0.000141701619663799	7.32600732600733e-05
cseguro_vida	2.43125060394619e-05	4.53503485666117e-05	7.32600732600733e-05
ctarjeta_master_descuentos_lag1	2.39823898772391e-05	5.77975846412939e-05	7.32600732600733e-05
Master_mconsumosdolares_tend6	2.3757218406963e-05	3.63838061536539e-05	7.32600732600733e-05
cforex_sell_lag1	2.36301320120254e-05	0.00051407544222364	7.32600732600733e-05
ctarjeta_visa_delta1	2.3215324092488e-05	2.49768347557296e-05	7.32600732600733e-05
cliente_vip_lag1	2.25239886803917e-05	4.97195600424576e-05	7.32600732600733e-05
catm_trx_other_lag1	2.17716019106045e-05	8.16937221680499e-06	7.32600732600733e-05
cinversion1_avg6	2.17349531321605e-05	0.000108049257037602	7.32600732600733e-05
minversion2_lag1	2.16957714537568e-05	0.000241046896294189	7.32600732600733e-05
Master_mpagosdolares_lag1	2.09078381147786e-05	6.43177080615497e-06	7.32600732600733e-05
ccajeros_propios_descuentos_tend6	2.08173158116601e-05	0.000225549747947438	7.32600732600733e-05
minversion2_tend6	2.07788578189592e-05	0.000278163480060837	7.32600732600733e-05
mpagodeservicios_avg6	2.06519343816177e-05	0.000681925941490111	7.32600732600733e-05
Master_msaldodolares_avg6	2.05900887660368e-05	8.50920532234091e-05	7.32600732600733e-05
catm_trx_other_delta1	2.04921063411526e-05	4.19854617211099e-05	7.32600732600733e-05
Master_msaldodolares_lag1	2.03246988477686e-05	4.47872878394605e-05	7.32600732600733e-05
Master_mconsumosdolares	2.00729049821715e-05	3.42438758900926e-05	7.32600732600733e-05
cseguro_vida_lag1	1.93681608544832e-05	0.000584850877791532	7.32600732600733e-05
tcuentas	1.84386584245972e-05	1.79560465222357e-05	7.32600732600733e-05
mpagodeservicios_tend6	1.75681440782708e-05	0.000573776351822937	7.32600732600733e-05
cprestamos_prendarios	1.71509174574042e-05	0.000417326334779343	7.32600732600733e-05
mcheques_emitidos_delta1	1.70499414886467e-05	0.000684916952019446	0.000146520146520147
tpaquete1_tend6	1.66760872509803e-05	0.000674999995045765	7.32600732600733e-05
mcaja_ahorro_adicional_lag1	1.65678782745871e-05	0.000367788970805511	7.32600732600733e-05
cprestamos_personales_delta1	1.6409870996555e-05	0.000344456892340529	7.32600732600733e-05
Master_fechaalta_delta1	1.55341728022868e-05	1.41478991042957e-05	7.32600732600733e-05
cinversion2	1.55035880994302e-05	0.000647823829116428	7.32600732600733e-05
ccajas_extracciones_lag1	1.54566101190229e-05	2.58099449982964e-05	7.32600732600733e-05
Visa_delinquency_delta1	1.46592380707724e-05	0.000202809681913662	7.32600732600733e-05
tpaquete9	1.43763885933596e-05	0.000501236858976895	7.32600732600733e-05
mcheques_emitidos_lag1	1.43591869434815e-05	0.00062802186187699	7.32600732600733e-05
Master_Finiciomora_tend6	1.39868172880103e-05	5.220441491813e-05	7.32600732600733e-05
mcaja_ahorro_adicional_tend6	1.34010668500692e-05	0.000441898344845605	7.32600732600733e-05
ccheques_emitidos_rechazados_avg6	1.32982829501855e-05	0.000566763550266424	7.32600732600733e-05
minversion1_pesos_lag1	1.22647532667881e-05	0.000562927948646362	7.32600732600733e-05
mtarjeta_visa_descuentos_lag1	1.18913019321549e-05	6.22756145910041e-05	0.000146520146520147
ccheques_depositados_rechazados_tend6	1.14445697213324e-05	0.000665363570101036	7.32600732600733e-05
minversion1_pesos_tend6	9.02816198813776e-06	2.7897961861482e-05	7.32600732600733e-05
ccheques_emitidos_tend6	8.47903145820045e-06	0.000758327491823713	7.32600732600733e-05
ccajas_trx	8.28804002294259e-06	1.51821737733181e-05	7.32600732600733e-05
tpaquete7	4.64191032166948e-06	0.000246501796672122	7.32600732600733e-05
tpaquete7_lag1	1.78288249069483e-06	0.000238236584331546	7.32600732600733e-05
