Feature	Gain	Cover	Frequency
mdescubierto_preacordado_tend6	0.260801149486248	0.0333967220971736	0.0108329321136254
ctrx_quarter_normalizado	0.088841016067902	0.0106716350886643	0.00385170919595571
ctrx_quarter_min6	0.0724963087095271	0.0142117017910529	0.00288878189696678
mcuenta_corriente	0.0347100404404271	0.00226438588934645	0.00481463649494463
mprestamos_personales_ratioavg6	0.0316728005171131	0.00569584625384953	0.00216658642272508
mtarjeta_visa_consumo	0.025629756130487	0.00936600261065238	0.0045739046701974
cpayroll_trx	0.0214881956210173	0.0147153299565915	0.00240731824747232
mcaja_ahorro	0.0148847967899516	0.00980548711547095	0.0052961001444391
ctrx_quarter_lag1	0.013939443284555	0.0026766491636073	0.000722195474241695
mpayroll_sobre_edad	0.0120731974112857	0.0146117073541206	0.00168512277323062
mv_msaldototal	0.0106521182156934	0.00165400758879764	0.00168512277323062
mpayroll_ratioavg6	0.00983500637958866	0.00632507901975693	0.00216658642272508
ccomisiones_mantenimiento_avg6_delta1	0.00970133135947018	0.000118415277292145	0.000722195474241695
mpasivos_margen	0.0087679388780461	0.0028408477002102	0.00216658642272508
cpayroll_trx_ratioavg6	0.00868601998053055	0.0090498940314403	0.00144439094848339
mprestamos_personales_ratiomax6	0.00735686055318245	0.00525177972916381	0.00337024554646124
Visa_status_max6	0.0071072860005	0.00321047525652016	0.00144439094848339
mpayroll	0.00710637426347577	0.0103875975702421	0.00168512277323062
mcuentas_saldo	0.00683017605630523	0.00390370854312479	0.00649975926817525
mcuentas_saldo_ratioavg6	0.00647892054546987	0.00240835243026455	0.00601829561868079
mprestamos_personales_tend6	0.00616915394993215	0.0116203640809882	0.00240731824747232
Master_status_max6	0.00571615448161434	0.00181450757191019	0.00120365912373616
ctarjeta_visa_tend6	0.00564967170099207	0.00226041798635098	0.000240731824747232
foto_mes	0.0055155670082787	0.00552152633241413	0.00698122291766972
mprestamos_personales	0.00523260422030699	0.00680888613999848	0.00216658642272508
mdescubierto_preacordado_avg6_delta1	0.00484224449300344	0.00607848108254688	0.00312951372171401
mactivos_margen	0.00429115161324343	0.00307531413570952	0.00505536831969186
mpasivos_margen_max6_lag1	0.00396407870095057	0.00126884703131225	0.00192585459797785
ctarjeta_visa_trx	0.00362114745923062	0.0024610495065868	0.00264805007221955
cproductos_ratiomax6	0.00354311278587188	0.000507308249348516	0.000722195474241695
mdescubierto_preacordado_tend6_delta1_delta2	0.00347876210323829	0.000618203288457633	0.00144439094848339
mes	0.00338758369632542	0.00397437969670889	0.00433317284545017
ccallcenter_trx	0.00292711300068358	0.00162917356442532	0.00144439094848339
mcuenta_corriente_ratioavg6	0.00281786140965936	0.00119569940142105	0.00240731824747232
mcuentas_saldo_min6_delta2	0.00259375537345344	0.00383883840831102	0.00385170919595571
mprestamos_personales_avg6_delta1	0.00248469682047349	0.00189436893060908	0.00168512277323062
mtransferencias_recibidas	0.00246980157227097	0.00585715736375751	0.00168512277323062
mcaja_ahorro_ratioavg6	0.00237793773542491	0.00549474837418484	0.0045739046701974
mv_mpagospesos	0.0023681526213389	0.00144119069695006	0.000962927298988926
cproductos_ratiomax6_delta2	0.00230915395100769	0.00578034196317655	0.00240731824747232
mcuenta_corriente_avg6_delta1	0.00216223396389289	0.0025280036370002	0.00288878189696678
cproductos_ratioavg6	0.00206383675295875	0.0053709753504508	0.00264805007221955
mtarjeta_visa_consumo_min6	0.0020385957470196	0.00185450520385091	0.000962927298988926
mprestamos_personales_ratioavg6_delta2	0.00202322702632017	0.000222516552312051	0.000240731824747232
ccaja_ahorro	0.00193491714871591	0.00935571345955669	0.00288878189696678
mcuentas_saldo_min6_delta1	0.00189240303602236	0.00321977935799711	0.00264805007221955
mcuentas_saldo_tend6	0.0018663640575911	0.00103286454288409	0.000962927298988926
mcomisiones_mantenimiento	0.00185890339990875	0.00597001326726392	0.00240731824747232
ctrx_quarter	0.00183351464983886	0.00598571249556251	0.00385170919595571
mprestamos_personales_min6	0.00182229431329974	0.000128769072269064	0.000722195474241695
mv_mpagominimo	0.0017674388572012	0.00128774767087172	0.00120365912373616
ctarjeta_visa_trx_ratioavg6	0.00168540783618036	0.00358866658795299	0.00240731824747232
mv_fechaalta_delta2	0.00164176225734071	0.00040604207026253	0.000481463649494463
mcaja_ahorro_dolares_delta1	0.00163689847078238	0.00991123065290209	0.00216658642272508
mcomisiones_mantenimiento_avg6_delta1	0.00163017662478856	0.00595524983610314	0.00312951372171401
mtarjeta_visa_debitos_automaticos_avg6_delta2	0.00160894846914763	0.00177623993336238	0.00216658642272508
mcuentas_saldo_avg6_delta1	0.00159527458156042	0.000507565285733404	0.00168512277323062
mpagomiscuentas	0.00156987382555052	0.0111428658957266	0.00192585459797785
cproductos_min6_delta1	0.00153978812878346	0.00199892117365756	0.00120365912373616
ccomisiones_mantenimiento_ratioavg6	0.00147852304577565	0.00222661231474803	0.00312951372171401
ctarjeta_visa_trx_avg6_delta2	0.00146974791546589	0.00294176449450954	0.00144439094848339
mrentabilidad_avg6_lag1_lag2	0.00145827101946865	0.000697184259059775	0.000962927298988926
thomebanking	0.00145357686806183	0.000368967265237403	0.00144439094848339
mactivos_margen_ratioavg6	0.00139861186302545	0.00181079824443964	0.00337024554646124
ccaja_ahorro_max6_delta2	0.00137957334141093	0.008636713429722	0.00120365912373616
mactivos_margen_min6	0.00136079019300219	0.00287698362981747	0.00288878189696678
mcuenta_corriente_min6_lag2	0.00129410564818344	0.00168621871133026	0.00361097737120847
ctarjeta_visa_trx_ratiomax6	0.00125218259944895	0.00161229073744422	0.00168512277323062
mcomisiones_mantenimiento_ratioavg6	0.00124759568898608	0.00237844078293566	0.00264805007221955
thomebanking_avg6	0.00122188555809822	0.00267020016688464	0.00264805007221955
mtransferencias_emitidas_avg6	0.00122145717998453	0.0026211785569523	0.00240731824747232
Visa_Finiciomora	0.00119126257938765	0.00196596818563083	0.000962927298988926
ctrx_quarter_avg6_lag1_delta2	0.0011858292856078	0.000323102431505098	0.00120365912373616
ccaja_seguridad	0.0011804714086871	0.00145914938281162	0.000722195474241695
ccaja_ahorro_max6	0.00117008373652325	0.00652146713093204	0.00192585459797785
mrentabilidad_max6	0.00114352612856709	0.00114533258310313	0.00168512277323062
ctarjeta_visa_trx_avg6_delta1	0.00113436303935975	0.00215301987338837	0.00144439094848339
mv_Finiciomora	0.00109270262262909	0.0111972252432805	0.00168512277323062
Visa_mpagominimo_max6_delta1	0.00108635049030536	0.00415085287504524	0.00144439094848339
ctrx_quarter_ratiomax6	0.00108397733091221	0.000693019346140563	0.00264805007221955
mcuenta_corriente_ratiomax6_lag1	0.00108035596961193	0.000411033501377463	0.00168512277323062
mcuenta_corriente_min6_lag1_lag2	0.0010451719639315	0.000383452112052891	0.00120365912373616
mrentabilidad_annual_ratiomax6_lag1	0.00102857393392634	0.000248598819248111	0.00168512277323062
cliente_edad_max6_lag1_lag2	0.00102715551760335	0.00174214952085401	0.00288878189696678
cproductos_avg6_delta1	0.000951833654341284	0.00413332976581196	0.00120365912373616
mv_status07	0.000940473543154601	0.00166160786226219	0.000722195474241695
mcomisiones_max6	0.000936424891627339	0.0021946690025805	0.00337024554646124
ccallcenter_trx_tend6	0.000934684506958254	0.00342734778234486	0.00264805007221955
mcomisiones_otras_ratioavg6	0.000931361063071014	0.000495306035400245	0.00264805007221955
ccaja_ahorro_tend6_delta1	0.000931181151375448	0.00788671665883778	0.00144439094848339
mpayroll_min6_lag1_lag2	0.000918266596442749	0.00304409114107569	0.00120365912373616
mpayroll_min6_lag2	0.000890744394723636	0.00262810468708403	0.000962927298988926
mvr_mpagominimo	0.000888986601201608	0.00577037449234698	0.00264805007221955
mcuenta_corriente_delta2	0.000874229015317763	0.00134279347487864	0.00168512277323062
Visa_msaldototal_ratioavg6	0.000874223825663687	0.000919046676859385	0.00144439094848339
ctarjeta_visa_trx_min6_delta1	0.000874195365204073	0.00115467054566073	0.000722195474241695
Visa_msaldopesos	0.000868713476130434	0.00357210082381793	0.00144439094848339
ctrx_quarter_avg6_delta1	0.000845751215627071	0.000256469981357813	0.00120365912373616
ctransferencias_emitidas_max6	0.00084302910664489	0.00258902592174079	0.00240731824747232
chomebanking_trx_delta1	0.00084279271187717	0.00150691813276014	0.00144439094848339
mcomisiones_mantenimiento_max6_delta2	0.00083971718260078	0.00492656098011846	0.00240731824747232
ctrx_quarter_ratioavg6	0.000835371101356812	0.000638452214682748	0.00240731824747232
mv_fechaalta_lag2	0.000830511726857473	0.00147881651410567	0.00192585459797785
mcuentas_saldo_ratiomax6	0.00080606161348323	0.00211301300660748	0.00288878189696678
tcallcenter_tend6	0.00079998978112578	0.00185432974188757	0.00144439094848339
mcuenta_debitos_automaticos	0.000795230435422712	0.00276181593798709	0.00192585459797785
ctrx_quarter_ratiomax6_delta1	0.000791566756102853	0.00487611412651901	0.00337024554646124
mcomisiones_otras_max6_lag2	0.000762505216828251	0.00105647341179311	0.00168512277323062
mcaja_ahorro_dolares	0.000757590931107758	0.00191816095718158	0.00120365912373616
mcaja_ahorro_dolares_ratiomax6_delta1	0.000754132085845497	0.00249839827853714	0.00144439094848339
mtarjeta_visa_debitos_automaticos_ratiomax6_lag1_lag2	0.000753321628247399	0.000804099082053193	0.00264805007221955
chomebanking_trx_tend6_delta2	0.000747140134324783	0.00194863285148113	0.00192585459797785
Visa_mfinanciacion_limite	0.000729063065403625	0.00138113653128789	0.00288878189696678
ctrx_quarter_delta1	0.000728597931094444	0.000867103779151482	0.00288878189696678
mrentabilidad_annual_lag1_lag2	0.000706291278406904	0.00126681690561364	0.00240731824747232
cproductos	0.000705336362863641	0.00271491988043517	0.00120365912373616
cliente_edad_ratioavg6_delta1_lag2	0.000701274190991964	0.0041320799841082	0.00385170919595571
Visa_fechaalta_tend6	0.000698945950843194	0.00175848133570463	0.00337024554646124
mcuentas_saldo_tend6_delta1_delta2	0.000697131403543561	0.000874188440706225	0.00192585459797785
Visa_mfinanciacion_limite_ratioavg6	0.000693097851275913	0.00403243605861306	0.00120365912373616
Master_mlimitecompra_ratioavg6	0.000692496410141291	0.00836248792898649	0.00120365912373616
Master_fechaalta_avg6_delta2	0.000692182098587571	0.000538274207597459	0.00144439094848339
ccomisiones_otras_ratioavg6	0.000685541661626682	0.00157319658070069	0.00240731824747232
mactivos_margen_tend6	0.000684314393208122	0.00191956311374825	0.00216658642272508
mtransferencias_recibidas_avg6_delta2	0.000676800629807339	0.00101657428481427	0.00120365912373616
Master_fultimo_cierre_tend6_delta1	0.000675235521519462	0.000293118444594831	0.000962927298988926
mactivos_margen_delta1	0.000671723590798362	0.00237662459770112	0.00120365912373616
Visa_cconsumos_ratioavg6	0.000668916881364585	0.00141248111798403	0.00168512277323062
Visa_delinquency_tend6	0.00066731082591166	0.00104922867967532	0.00120365912373616
mcomisiones_otras_ratiomax6	0.000667225921166345	0.000326092980581975	0.00168512277323062
Master_mpagospesos_tend6	0.000663707047803435	0.00702295435268985	0.00144439094848339
Visa_cconsumos_min6_delta2	0.000663333946116682	0.00143068914453033	0.000962927298988926
mcuenta_debitos_automaticos_ratiomax6	0.000662650505888554	0.00411880336221569	0.00216658642272508
mcaja_ahorro_dolares_avg6_delta2	0.00065764538682676	0.000654439262166807	0.00144439094848339
ctarjeta_visa_debitos_automaticos_avg6_delta1	0.00065437698224927	0.000552897577015581	0.000481463649494463
Visa_fultimo_cierre_tend6_delta1_lag2	0.000645482345412894	0.00077228505764812	0.00144439094848339
mpasivos_margen_ratioavg6	0.000640063142711448	0.000408046030580644	0.00216658642272508
mrentabilidad_avg6	0.000622026384277711	0.00120359518977123	0.00120365912373616
Visa_mpagominimo_avg6_lag1_delta2	0.000621736544176845	0.000833219611407037	0.00144439094848339
mcuenta_corriente_min6	0.000616813017950451	0.00086649274055986	0.00168512277323062
cliente_edad_min6_lag1_lag2	0.000615617982007386	0.00326309999326103	0.00288878189696678
mcomisiones_mantenimiento_ratioavg6_delta1_lag2	0.000609978017478103	0.00173504792875895	0.00288878189696678
Visa_msaldopesos_ratioavg6	0.000609054413465327	0.00281207501650297	0.00264805007221955
Visa_fechaalta_tend6_delta2	0.000608673339296455	0.00033448745030163	0.00144439094848339
mrentabilidad_annual_ratioavg6	0.000608606730560892	0.000523162930790057	0.00240731824747232
Visa_mpagominimo_min6	0.000607193937074017	0.00502761321874038	0.00144439094848339
mv_status04	0.000605649943011573	6.4770090711865e-05	0.000240731824747232
mrentabilidad_annual_ratioavg6_lag2	0.000604329252289293	0.00063415185744096	0.00120365912373616
mpayroll_min6_delta2	0.000599678623814553	0.00512539478480009	0.00192585459797785
mcuentas_saldo_min6	0.000591026269822701	0.00201105883192841	0.00216658642272508
mcuenta_corriente_avg6_delta1_lag2	0.000590721512265389	0.00207665544083599	0.00192585459797785
Visa_Fvencimiento_max6_lag2	0.000585601729168975	0.000554324359822717	0.00264805007221955
mcuenta_corriente_ratioavg6_lag1_lag2	0.000579123091513101	0.000748256003511111	0.00168512277323062
ctrx_quarter_ratioavg6_delta1	0.000578627419036653	0.00178742024653502	0.00337024554646124
mtarjeta_visa_debitos_automaticos_max6_lag1_lag2	0.000576020707616226	0.00156291512530515	0.00168512277323062
mrentabilidad_annual_ratioavg6_lag1_lag2	0.000574942632955421	0.00182304825993263	0.00192585459797785
numero_de_cliente	0.000574912504145179	0.00135267013644649	0.00361097737120847
Visa_Fvencimiento_ratioavg6_lag2	0.000567700765522852	0.000544604690537858	0.00264805007221955
Master_Fvencimiento_tend6	0.000566593649272071	0.00128772458377129	0.00168512277323062
ctransferencias_recibidas_avg6_lag2	0.000564904152962539	0.00202777081436625	0.00144439094848339
mrentabilidad_max6_lag2	0.000564494536029467	0.000456251896297473	0.00144439094848339
mplazo_fijo_dolares_ratiomax6	0.000554810364287323	0.00327258109584135	0.000722195474241695
Visa_mpagominimo_avg6	0.00055412216078953	0.0046797629547046	0.00240731824747232
Visa_mpagospesos_max6_lag1_lag2	0.000552509125374497	0.000324015141542457	0.00168512277323062
mcuenta_corriente_ratioavg6_lag1	0.000552167284769183	0.00215816829678629	0.00312951372171401
cplazo_fijo_ratioavg6	0.000549703633782031	0.00329463697246083	0.000481463649494463
mrentabilidad_avg6_lag2	0.000547800162074364	0.000292681328826518	0.000722195474241695
mtarjeta_master_consumo	0.00054762127362141	0.00197803196518027	0.000722195474241695
cproductos_avg6	0.000542211631847286	0.00145226480946068	0.00240731824747232
mrentabilidad_max6_lag1_lag2	0.000541852915003004	0.000950300454293802	0.00216658642272508
mcuenta_corriente_avg6	0.000541720393822017	0.00050380670578192	0.00168512277323062
mcaja_ahorro_ratiomax6_delta1	0.000538701990459923	0.00125403896509062	0.00216658642272508
mcaja_ahorro_lag1	0.000538199556878261	0.000565632421617786	0.00144439094848339
Visa_fultimo_cierre_tend6_delta1	0.000532448511679463	0.00117932449064962	0.00168512277323062
mcomisiones_mantenimiento_tend6	0.000531798852719216	0.00108066715391325	0.00120365912373616
mprestamos_personales_tend6_delta1	0.00052984512336504	0.000440300249034088	0.000722195474241695
Visa_mconsumospesos_avg6_delta2	0.000524615402216696	0.000347436235367904	0.00144439094848339
mrentabilidad_annual_lag1	0.000523315748413517	0.00117039747847984	0.00192585459797785
mrentabilidad_annual_min6	0.00052235126127999	0.000246217769622826	0.000962927298988926
mcuenta_corriente_tend6	0.000520734191940553	0.00113571911448029	0.00168512277323062
ccomisiones_otras	0.000516084982170301	0.00144329316223005	0.00192585459797785
chomebanking_trx_ratioavg6	0.000515303337766951	0.000708087527027145	0.00216658642272508
mtarjeta_visa_consumo_tend6	0.00051444957470249	4.41994842206318e-05	0.000240731824747232
mrentabilidad_ratiomax6	0.000512658639689125	0.000913274901749612	0.00144439094848339
mrentabilidad_annual_avg6_delta1_lag2	0.000509871877021873	0.000581767226544654	0.00216658642272508
chomebanking_trx_tend6_delta1	0.000509728897360387	0.000958524079470208	0.00144439094848339
cliente_edad_min6	0.000506283345055294	0.00271944033470114	0.00312951372171401
mrentabilidad_ratioavg6_lag1_lag2	0.000503995554512022	0.000744631328742173	0.00240731824747232
mrentabilidad_annual_delta1_delta2	0.000495111912768721	0.00103167632678149	0.00168512277323062
mv_mfinanciacion_limite	0.000493306394049009	0.000538722097345977	0.00192585459797785
Master_mpagominimo_max6_lag1_lag2	0.000489508541858383	0.000517146432415629	0.00144439094848339
cprestamos_personales_avg6_lag1_delta2	0.000483459890737755	0.00561497675843147	0.00120365912373616
Master_Fvencimiento_max6_lag2	0.000483386892233946	0.000336840795406389	0.00144439094848339
mvr_mpagominimo_delta1	0.000483238476870988	0.00114305003843971	0.00168512277323062
mcuentas_saldo_ratiomax6_lag2	0.000480457923768254	0.00102453779532573	0.00288878189696678
mtarjeta_visa_debitos_automaticos_ratiomax6	0.000479913281995316	0.000941721287770635	0.00120365912373616
mvr_mpagospesos	0.000478377311797043	0.00514935611677581	0.00168512277323062
Visa_cconsumos_tend6	0.000473674606577817	0.00041158913092803	0.00120365912373616
mtarjeta_visa_consumo_ratiomax6	0.000470324096277398	0.00109153194337989	0.00120365912373616
mcomisiones_mantenimiento_ratiomax6	0.000465783680508659	0.00366950837885053	0.00120365912373616
mpasivos_margen_min6	0.000458270446522968	0.00032809386262003	0.000962927298988926
cliente_edad	0.00045626411367495	0.000564451901215333	0.00216658642272508
mcuenta_corriente_ratioavg6_delta1	0.000455220232404751	0.00203754281441211	0.00216658642272508
mcaja_ahorro_dolares_ratioavg6	0.00045410526449632	0.00168652961761617	0.00192585459797785
mtransferencias_recibidas_max6_lag1	0.000451119075482718	0.000851493820974595	0.00192585459797785
mcaja_ahorro_dolares_ratioavg6_delta1	0.000448584461014318	0.000456191869836331	0.00144439094848339
ccomisiones_otras_avg6_lag1_lag2	0.000447543819679173	0.00178799126748588	0.00216658642272508
mcomisiones_ratiomax6_lag1	0.000443211148951313	0.000532191526201772	0.00216658642272508
mcaja_ahorro_ratiomax6	0.000440952099036466	0.000528474503031078	0.00216658642272508
ctrx_quarter_ratiomax6_lag1_lag2	0.000439258563337772	0.00109783780007982	0.00216658642272508
cliente_edad_avg6_lag2	0.000435678435102688	0.00418205739999872	0.00240731824747232
mprestamos_personales_avg6_lag2	0.000435195167360305	0.000495820108170022	0.000722195474241695
mcomisiones_otras_min6	0.000434248770974888	0.000826718283923388	0.00216658642272508
mpayroll_ratiomax6	0.000432483888195592	0.000320873756742711	0.000481463649494463
ctarjeta_master_trx_ratioavg6	0.000426744177704587	0.00148320460232913	0.000481463649494463
cliente_edad_min6_lag2	0.00042597774912847	0.00286088422511127	0.00288878189696678
Visa_Fvencimiento_avg6_delta1	0.000420370028470702	0.00069624230536186	0.00192585459797785
Visa_msaldototal_ratiomax6	0.000419533081391254	0.00647757085729718	0.00216658642272508
mcomisiones_ratiomax6	0.000417465697866409	0.00177294309541968	0.00168512277323062
ctarjeta_visa_debitos_automaticos_min6_lag1_lag2	0.000415855828145694	0.00412341308660336	0.00144439094848339
Master_Fvencimiento_avg6_delta2	0.000415250522760739	0.0016523653263864	0.00216658642272508
mprestamos_personales_ratiomax6_lag1_delta2	0.000414512823083811	0.000449749029673795	0.000722195474241695
mtarjeta_visa_debitos_automaticos_tend6_delta1_delta2	0.000413768496921317	0.00223886540852107	0.00120365912373616
mv_fultimo_cierre	0.0004125711929704	0.000543742772121466	0.00168512277323062
cliente_antiguedad_ratioavg6_delta1	0.000411649997916246	0.000560751808584961	0.00168512277323062
Master_fultimo_cierre_avg6	0.000411365770788271	0.000915828335058176	0.00216658642272508
Visa_fechaalta_ratioavg6_delta2	0.000410426816603516	0.00170554569267784	0.00216658642272508
ccallcenter_trx_ratiomax6	0.000408728718498334	0.00143763528348244	0.000722195474241695
Master_mlimitecompra_ratioavg6_delta1	0.000407232187325191	0.00520950724825983	0.000722195474241695
mprestamos_personales_ratioavg6_delta1_delta2	0.000407047530753535	0.00178592420242656	0.00120365912373616
mcaja_ahorro_ratioavg6_lag2	0.000406997317891384	0.000445465602972328	0.00120365912373616
mrentabilidad_annual_ratiomax6_delta1	0.000406621721875825	0.00146896909619838	0.00216658642272508
mvr_msaldototal	0.000406497781431177	0.000698080038556812	0.00144439094848339
ccomisiones_otras_avg6_delta1	0.00040531341642774	0.00135222224669797	0.000722195474241695
Visa_msaldototal_avg6_lag1_lag2	0.000404757183503243	0.000660575813463518	0.00192585459797785
mrentabilidad_lag1	0.000404101662590401	0.000515719649608493	0.00264805007221955
Visa_mpagospesos_avg6_delta1_lag2	0.000403887134318703	0.000582558344519701	0.00144439094848339
cliente_antiguedad_ratioavg6_lag2	0.000397246648841425	0.000237076816988973	0.00120365912373616
cliente_antiguedad_ratioavg6_delta1_delta2	0.000396961050459054	0.000742322618698264	0.00192585459797785
mrentabilidad_annual_ratioavg6_delta1	0.00039617231687341	0.000861818372290958	0.00144439094848339
Visa_fechaalta_tend6_delta1	0.000394981419751445	0.000838241825322555	0.000962927298988926
ctrx_quarter_max6_lag1_lag2	0.0003940139453946	0.0015379010215494	0.00192585459797785
ctrx_quarter_ratiomax6_lag1	0.000393425639938745	0.000292601293544996	0.00192585459797785
mrentabilidad_annual_tend6_lag1	0.00039262011755026	0.000342249333469254	0.000722195474241695
mcomisiones_mantenimiento_avg6_delta2	0.000392280219199909	0.000734154402562912	0.00120365912373616
mcuentas_saldo_lag1_lag2	0.000391531872574975	0.000896704520194459	0.00168512277323062
ccomisiones_otras_ratioavg6_lag1	0.000389336009124321	0.000677361674622769	0.00240731824747232
Master_fechaalta_ratioavg6_lag1_lag2	0.000388732678516302	0.000651876594018067	0.00192585459797785
Visa_fultimo_cierre_tend6_lag1_delta2	0.000386798595633535	0.000206880428754667	0.00120365912373616
internet_avg6_delta2	0.000386137696865684	0.0004514528576862	0.000722195474241695
mrentabilidad_annual_ratioavg6_delta2	0.000383355831288025	0.000578708955306489	0.00216658642272508
Visa_fultimo_cierre_avg6	0.000383199562534688	0.0014524341148639	0.00240731824747232
ctrx_quarter_max6_lag1_delta2	0.000381451021780945	0.000644818097843821	0.000962927298988926
mcuenta_corriente_tend6_lag1_lag2	0.00038095339198813	0.000485429373832401	0.00168512277323062
mcomisiones_mantenimiento_ratioavg6_delta1	0.000379088374449573	0.000639132514575687	0.00120365912373616
Visa_cconsumos_delta2	0.000378692804876846	0.00257173984007202	0.000722195474241695
Visa_mpagospesos_tend6	0.000373712505946123	0.00112592248819397	0.00120365912373616
mcaja_ahorro_dolares_max6_lag1_lag2	0.000373174732174398	0.000156253495771791	0.00120365912373616
cmobile_app_trx_delta2	0.000372869567292686	0.00243193205551301	0.00168512277323062
ccaja_seguridad_lag1	0.000371707417463486	0.00192586589216812	0.000722195474241695
Master_mfinanciacion_limite_lag1	0.000364544383296818	0.000475771270148713	0.00192585459797785
mcuentas_saldo_lag2	0.000361373013094794	0.000617156673237728	0.00144439094848339
Master_fechaalta_ratioavg6_delta1_delta2	0.000360281995754479	0.000965699550286678	0.00240731824747232
Visa_mpagospesos_ratiomax6_lag1	0.000360176982299201	0.000570787001575821	0.00192585459797785
ctrx_quarter_delta2	0.000359686180121704	0.000452577969047599	0.00168512277323062
mcomisiones_otras_min6_lag1_delta2	0.00035920444037897	0.0010634026202049	0.00168512277323062
mrentabilidad_annual_ratiomax6_lag2	0.000356041174546333	0.000479445197398587	0.000962927298988926
mvr_msaldopesos2_lag2	0.000355715871631566	0.000492857263613672	0.00168512277323062
mcuenta_corriente_min6_delta2	0.000353122417980596	0.000418522956759905	0.000722195474241695
mcuenta_corriente_ratioavg6_delta1_delta2	0.000352960910123788	0.000322842316840151	0.00168512277323062
mpasivos_margen_avg6_delta1_lag2	0.000352386050638325	0.000250017906355101	0.00144439094848339
mcuenta_corriente_ratioavg6_delta1_lag2	0.000352155351481298	0.000319777889041869	0.00144439094848339
mpasivos_margen_avg6	0.000349868431833848	0.000231671357206167	0.000722195474241695
mcomisiones_mantenimiento_avg6_lag1	0.000349385659651714	0.00366510797750684	0.00120365912373616
mvr_mconsumospesos	0.000349087600554831	0.000369755304932391	0.00168512277323062
mv_mpagominimo_delta2	0.000348529182260285	0.00106839712959989	0.000962927298988926
cliente_edad_ratioavg6_delta2	0.00034832669405002	0.00187094168022351	0.00144439094848339
mvr_msaldopesos	0.000347824086662396	0.00266637386477187	0.00144439094848339
mcomisiones_otras_ratioavg6_lag2	0.000346772372927843	0.000446504522492087	0.00168512277323062
Visa_Fvencimiento_tend6_delta2	0.000343318803156344	0.000281547189854757	0.00144439094848339
Master_fechaalta_ratioavg6_delta1_lag2	0.000342764562602639	0.000530596977131445	0.00192585459797785
Visa_Fvencimiento_ratioavg6_delta1_lag2	0.000340301646292219	0.000691269343927279	0.00120365912373616
Visa_fechaalta_ratioavg6_lag1_lag2	0.000339843753420487	0.00126453128267017	0.00120365912373616
mv_fechaalta_lag1_lag2	0.000339828102953393	0.000333105302555343	0.00120365912373616
mrentabilidad_tend6_delta2	0.000338943106256238	0.000329797690632435	0.00120365912373616
mrentabilidad_avg6_delta1	0.000338304453718444	0.000583868152684612	0.00120365912373616
matm_avg6	0.000337150666834985	0.000797343796464714	0.00120365912373616
mactivos_margen_ratioavg6_lag1	0.000336272848630597	0.000317884746805863	0.00144439094848339
mcomisiones_tend6_delta2	0.000335410366936291	0.000545018719205733	0.00168512277323062
mcomisiones_mantenimiento_max6_lag1_lag2	0.000334487977632587	0.000617570701905602	0.00120365912373616
cliente_edad_min6_lag1	0.000333599133945736	0.00184425453125595	0.00120365912373616
mv_fechaalta_lag1	0.000333019622218495	0.000578104073274985	0.00168512277323062
chomebanking_trx_tend6_lag2	0.000329519622263669	0.000481044363889002	0.00120365912373616
mcuentas_saldo_avg6_delta1_lag2	0.000329305828135556	0.000608135773526159	0.00144439094848339
mtransferencias_recibidas_ratiomax6_lag1_lag2	0.000327560771498249	0.000585421144974148	0.00192585459797785
Master_mfinanciacion_limite	0.000326557041004586	0.00137532935595744	0.00192585459797785
Master_Fvencimiento_avg6_lag2	0.000326419774814223	0.000504539336435854	0.00120365912373616
mcaja_ahorro_ratioavg6_lag1	0.000323096990829832	0.000300749500859967	0.000722195474241695
mcaja_ahorro_delta2	0.000321982312420287	0.000631201326004843	0.000722195474241695
mtarjeta_visa_debitos_automaticos_ratioavg6	0.000321505375266819	0.00038491583422073	0.00120365912373616
ctrx_quarter_max6_delta1_lag2	0.000320353922234882	0.00106004421666102	0.00120365912373616
mcuentas_saldo_ratiomax6_delta1	0.000320281189771487	0.000344687331275622	0.00192585459797785
Master_mfinanciacion_limite_min6_lag1_lag2	0.000320004989173418	0.000165749989752406	0.00120365912373616
mvr_msaldopesos_delta2	0.000319816897001714	0.00217227143687452	0.00120365912373616
mpasivos_margen_max6	0.000318428456075885	0.00165440776520525	0.000722195474241695
mactivos_margen_max6	0.000318373230564502	0.000261883136840766	0.00144439094848339
mv_msaldopesos	0.000317713082467797	0.000142084172662305	0.000722195474241695
ctransferencias_recibidas_tend6	0.000317436371647934	0.00119124666931637	0.00168512277323062
Visa_mpagospesos_ratiomax6_lag1_lag2	0.000315373006986088	0.000624587641299057	0.00120365912373616
Master_mpagominimo_max6_delta1	0.000315289232512669	0.00524790571371013	0.00144439094848339
chomebanking_trx_ratioavg6_lag2	0.000313720474099672	0.00148087742260487	0.00216658642272508
mcuenta_corriente_min6_delta1	0.000311226275048709	0.000747603408138699	0.00120365912373616
mcaja_ahorro_max6_lag1_lag2	0.000310623605009973	0.00172473415142279	0.00216658642272508
mrentabilidad_ratioavg6_lag2	0.000310493650932374	0.000542845453484399	0.00144439094848339
mactivos_margen_avg6_delta1_lag2	0.000310468832667318	0.00157234235798444	0.00192585459797785
chomebanking_trx	0.000309747155394245	0.00185580269889559	0.00144439094848339
mcuenta_corriente_ratiomax6_lag1_lag2	0.000308885630165874	0.000427740866395221	0.00144439094848339
mprestamos_personales_ratiomax6_delta2	0.000307883421007522	0.000354590158223964	0.000481463649494463
mactivos_margen_max6_lag1_lag2	0.000306388008643612	0.000355476702880826	0.000481463649494463
Master_mpagominimo_max6_lag1	0.000306166089353375	0.000807688356601457	0.000481463649494463
Visa_fultimo_cierre_avg6_lag2	0.000306053807503396	0.000572183001582371	0.00216658642272508
Master_fultimo_cierre_avg6_delta2	0.000304633890104689	0.000308234338822321	0.00120365912373616
mcuentas_saldo_tend6_delta1	0.000304415714040389	0.00227101650459255	0.000962927298988926
mtransferencias_recibidas_ratioavg6_lag1_lag2	0.000303836418770879	0.000559489713760957	0.00144439094848339
mrentabilidad_annual_tend6_lag1_lag2	0.000302656829699351	0.000437325091357503	0.00168512277323062
mrentabilidad_annual_avg6_lag1_lag2	0.00030049380277988	0.000257077941669376	0.000722195474241695
mrentabilidad_annual_delta1	0.000299599324794255	0.000570117475663087	0.00144439094848339
Visa_fechaalta_max6_delta2	0.0002994118532058	0.00118777590855036	0.000722195474241695
mpayroll_min6_delta1_delta2	0.000297683590702805	0.00115994671768107	0.000481463649494463
Visa_Fvencimiento_tend6	0.00029764326558716	0.000948690513823183	0.00120365912373616
Master_fechaalta_ratioavg6_lag2	0.000296180265102752	0.000171486364641506	0.000962927298988926
mrentabilidad_annual_min6_lag1_lag2	0.000296065911443061	0.00145992818766643	0.00216658642272508
mcomisiones_mantenimiento_max6	0.000294776321858085	0.00129719645151143	0.00120365912373616
mv_Fvencimiento_lag1	0.000294679832358978	0.000140229508927031	0.00120365912373616
mvr_msaldopesos2_lag1_lag2	0.000293988244576547	0.000740332510640414	0.00192585459797785
mplazo_fijo_dolares_avg6_delta1	0.000293938483823155	0.00266211352517084	0.000481463649494463
mvr_Master_mlimitecompra_lag1_lag2	0.00029366828059705	0.000211761041787492	0.00120365912373616
ccomisiones_mantenimiento_ratioavg6_delta1	0.000293054824458909	0.00249977273058328	0.000962927298988926
mcuenta_debitos_automaticos_avg6_delta1	0.000292519335755744	0.00123584325166455	0.000722195474241695
mactivos_margen_ratioavg6_lag1_lag2	0.0002904430817291	0.000191359740699479	0.00120365912373616
ctransferencias_recibidas_ratioavg6	0.000290203004514215	0.000491689056331454	0.00240731824747232
mvr_Master_mlimitecompra	0.000289702185835182	0.00055662691330651	0.00192585459797785
mpasivos_margen_ratiomax6_lag1	0.000288429829697746	0.00034126274471049	0.00168512277323062
ctrx_quarter_ratiomax6_delta1_lag2	0.000288038163028518	0.000785670958482707	0.00168512277323062
Visa_fultimo_cierre_ratioavg6_delta1_delta2	0.000287604956201357	0.000286831057575251	0.000962927298988926
Master_Fvencimiento	0.000286285517041944	0.000469265325244976	0.00192585459797785
mcaja_ahorro_max6	0.00028503125031975	0.000761845070829562	0.00120365912373616
Visa_fechaalta_ratioavg6_lag1_delta2	0.000284544666135701	0.00180703966448816	0.00144439094848339
cpagomiscuentas_tend6_lag1_lag2	0.000283586907851988	0.000195170651411958	0.000240731824747232
mrentabilidad_avg6_delta2	0.000283532881921628	0.00056642815701292	0.00120365912373616
ccajas_consultas_ratioavg6	0.000282724130794178	0.00265567222414834	0.000481463649494463
mpayroll_avg6_lag1_lag2	0.000281735979925686	0.0032177384583183	0.00120365912373616
mtarjeta_visa_debitos_automaticos_avg6_delta1	0.000280616655672128	0.000556628452446539	0.000481463649494463
mcaja_ahorro_dolares_min6_lag1_lag2	0.000280501205861956	0.00114732730858106	0.00120365912373616
cproductos_lag1	0.000280000041437016	0.0014385849328805	0.00144439094848339
chomebanking_trx_delta1_delta2	0.00027978199306145	0.000989824031105503	0.00120365912373616
mtransferencias_recibidas_ratiomax6_delta1_delta2	0.000277489101633097	0.00019811040886787	0.00120365912373616
ccajas_trx_ratioavg6	0.000277463514369962	0.00101099336306812	0.00120365912373616
cmobile_app_trx_ratioavg6	0.000277069769160039	0.000902034562115831	0.00240731824747232
Visa_msaldototal_avg6_delta1_lag2	0.000276738914584302	0.000138487202413894	0.000481463649494463
mprestamos_personales_ratiomax6_delta1	0.000276208364956066	0.000589076602543671	0.000481463649494463
mactivos_margen_lag1_lag2	0.00027584922912479	0.000239597928356923	0.00144439094848339
mrentabilidad_lag1_lag2	0.000274644379209452	0.000125190571701005	0.000962927298988926
mrentabilidad_annual_max6_lag1_lag2	0.00027367836434285	0.000920515016447312	0.00120365912373616
mtransferencias_emitidas_ratiomax6	0.000273102204511559	0.000220841967960202	0.00120365912373616
ccomisiones_otras_avg6_delta2	0.000272960381512752	0.00064137042417825	0.000962927298988926
cliente_edad_avg6_lag1	0.000272200422943523	0.00111887168771987	0.00120365912373616
mprestamos_personales_avg6_delta1_delta2	0.000270952103744038	0.00109869202279607	0.000722195474241695
ctrx_quarter_min6_lag1_lag2	0.000270553947341479	0.000682954909489147	0.00120365912373616
mtarjeta_visa_debitos_automaticos_tend6	0.000269918318680869	0.00107403807780717	0.00120365912373616
ccaja_ahorro_avg6_delta1	0.000266431886253979	0.00158964229191347	0.000481463649494463
mcuenta_corriente_avg6_lag2	0.000266325015847278	0.000136570973077449	0.000722195474241695
ctarjeta_visa_trx_avg6_delta1_delta2	0.000266091706401947	0.000509081338662238	0.000962927298988926
ctrx_quarter_avg6_delta1_delta2	0.000262987318671618	0.000412406414283574	0.00120365912373616
mcuentas_saldo_ratioavg6_delta2	0.000262609840913295	0.000382479375554391	0.00168512277323062
Visa_cconsumos_max6	0.000261839583007982	0.000216447723176628	0.00120365912373616
mcuenta_debitos_automaticos_avg6_delta2	0.000261769887883735	0.00106069373375338	0.00120365912373616
Visa_fultimo_cierre_avg6_delta2	0.00026052781680197	0.000911360211553196	0.00192585459797785
mcuentas_saldo_lag1_delta2	0.000259015632795893	0.000260408640692722	0.000722195474241695
ctrx_quarter_tend6_delta1_lag2	0.000258937979651144	0.000460897020905819	0.00120365912373616
matm_other_avg6_lag1_lag2	0.000258920632376694	0.000784228784275279	0.000962927298988926
mcuentas_saldo_delta1	0.000255097436504524	0.000803688131665377	0.000481463649494463
mpayroll_max6_delta2	0.000254042131490963	0.00192122846325992	0.00144439094848339
mprestamos_hipotecarios_avg6	0.000253085168662755	0.00514524045633753	0.000481463649494463
Master_fechaalta_ratioavg6_delta1	0.000252856759905761	0.00070640524697515	0.00168512277323062
mcuentas_saldo_ratiomax6_delta2	0.000251395395250007	0.000238072640587913	0.000962927298988926
Visa_mpagominimo_tend6_lag2	0.000249756125531164	0.000148368481401826	0.000962927298988926
Master_Fvencimiento_ratioavg6_lag2	0.000248744272007965	0.000286964962757798	0.00144439094848339
mpasivos_margen_avg6_delta1_delta2	0.000248663844632172	0.000417721064804654	0.00120365912373616
ccomisiones_mantenimiento_tend6	0.000248545774937048	0.000446649201654839	0.000481463649494463
mcomisiones_mantenimiento_tend6_delta2	0.000247497479741834	0.000816604594791036	0.000722195474241695
mcomisiones_ratioavg6_lag2	0.0002469275593313	0.000508333316608012	0.00144439094848339
mextraccion_autoservicio_tend6	0.000246585524127288	0.00126284746347815	0.00120365912373616
Visa_mpagominimo_max6_delta2	0.000246490358432482	0.00119087573656931	0.00120365912373616
mactivos_margen_tend6_delta1	0.000245503355962888	0.000348747582672844	0.000722195474241695
mcuenta_corriente_ratiomax6_delta1	0.000244367953058455	0.000264425796169125	0.000722195474241695
mcaja_ahorro_ratioavg6_lag1_delta2	0.000244155316925889	0.000188555427566143	0.00120365912373616
mvr_mpagominimo_lag2	0.000243877683761506	0.000957980763039874	0.000722195474241695
mrentabilidad_annual_tend6_delta1_delta2	0.000243841952241456	0.000227394087064817	0.00120365912373616
chomebanking_trx_max6_lag1	0.000243092431093414	0.000482229501711542	0.00120365912373616
mactivos_margen_ratiomax6_lag2	0.000242819154274157	0.00126560098499052	0.00120365912373616
ctarjeta_visa_trx_ratioavg6_lag1	0.000242065316233877	0.000501080888790077	0.00120365912373616
ctrx_quarter_ratioavg6_lag2	0.000241953017856337	0.00024328724700709	0.000962927298988926
Visa_mpagominimo	0.000240597225260757	0.00200336159264201	0.000722195474241695
mpayroll_min6_delta1	0.000240405096099054	0.00350305346296471	0.000481463649494463
Visa_msaldototal_min6	0.000240195428529657	0.000969398103777021	0.000481463649494463
mcuentas_saldo_delta1_lag2	0.000238765675366288	0.000180053218044439	0.00120365912373616
Visa_mpagominimo_tend6_delta1_delta2	0.000238305599123809	0.00024282088757822	0.00144439094848339
Visa_msaldopesos_avg6_delta1	0.000237631826852287	0.00163225800104398	0.00120365912373616
mrentabilidad_ratioavg6	0.000237371851520552	0.000262374122510104	0.000962927298988926
Visa_mconsumospesos_min6_delta1_delta2	0.00023560743097981	0.00100489682941217	0.000962927298988926
mrentabilidad_min6	0.000235356389061234	0.000402565152936403	0.00120365912373616
ctarjeta_visa_trx_tend6_delta1_lag2	0.000233897127004439	0.00107498310978515	0.000962927298988926
mtransferencias_recibidas_avg6_lag1_delta2	0.00023385749711264	0.00090250246068473	0.000722195474241695
mpasivos_margen_tend6_delta2	0.000233380110782722	0.000580097259612893	0.000962927298988926
mcuentas_saldo_ratioavg6_lag1_lag2	0.000233029479114531	0.000226242810322921	0.00144439094848339
mcomisiones_tend6_lag1	0.000232876078292844	0.00044484686868056	0.00144439094848339
Master_mpagominimo	0.000232408140929353	0.00177846860812477	0.000722195474241695
mpasivos_margen_max6_lag1_lag2	0.000232176055589812	0.000727437595475165	0.00120365912373616
Visa_cconsumos_tend6_lag1	0.000230785147259106	0.000490514692489119	0.00120365912373616
mpasivos_margen_tend6_delta1	0.000228839288222731	0.000274456371739897	0.000962927298988926
thomebanking_tend6_delta1_delta2	0.000227557254931901	0.000915715977836039	0.000962927298988926
mcaja_ahorro_ratiomax6_lag1	0.000227309166648376	0.000254749222805086	0.00120365912373616
Master_fechaalta_ratioavg6	0.000227196741914969	0.000698687998868375	0.000962927298988926
mpayroll_sobre_edad_delta2	0.000226956952599529	0.0014861104987044	0.000481463649494463
ccomisiones_otras_ratioavg6_delta2	0.000226598370641469	0.00028943836078484	0.00168512277323062
mpasivos_margen_ratiomax6_lag1_lag2	0.000225985818720845	0.000228177509339717	0.00120365912373616
mpasivos_margen_min6_lag1_lag2	0.000225579458250389	0.000239898060662631	0.000962927298988926
Master_fultimo_cierre_avg6_lag1	0.00022543855599666	0.000582165863812236	0.00144439094848339
ccomisiones_mantenimiento_avg6_delta2	0.000225002859639017	0.000295645712522898	0.000481463649494463
ccomisiones_otras_tend6_delta1_delta2	0.000224930805871907	0.000330959741354537	0.000962927298988926
mcuentas_saldo_delta2	0.000223298215553482	0.00275114046274405	0.000962927298988926
mvr_msaldopesos2_lag1_delta2	0.000223189217889769	0.000223763255735762	0.00120365912373616
mcuenta_corriente_max6_lag1_lag2	0.000221743230129992	0.000331590788766538	0.000962927298988926
mcuenta_corriente_avg6_lag1_delta2	0.000221363241248729	0.00150994562119772	0.000962927298988926
mrentabilidad_avg6_delta1_lag2	0.000220907630779823	0.000276942082887173	0.000962927298988926
Visa_cconsumos_avg6_lag2	0.00022004717824346	0.00151459998064624	0.000962927298988926
chomebanking_trx_ratioavg6_delta1_lag2	0.00021970158694815	5.30295305685708e-05	0.000481463649494463
mcaja_ahorro_ratiomax6_delta2	0.000219584424669426	0.000231872984550002	0.00144439094848339
mcomisiones_mantenimiento_avg6_lag2	0.000219527387524126	0.00101436100145217	0.000481463649494463
mplazo_fijo_dolares_tend6	0.000219059736460638	0.00201479278563942	0.000481463649494463
ccomisiones_mantenimiento_tend6_delta1_delta2	0.000216923663327017	0.00107722717594783	0.000722195474241695
mtarjeta_visa_consumo_avg6_delta1	0.000215449886872999	0.000257050237148849	0.000722195474241695
mprestamos_personales_tend6_delta2	0.00021504278426175	0.000707990561205301	0.000240731824747232
mcaja_ahorro_dolares_min6_delta2	0.00021487480453204	0.0015994604661602	0.000722195474241695
mtransferencias_emitidas_lag2	0.000214377689626057	0.00143807547753082	0.000962927298988926
Visa_mpagospesos_ratioavg6_lag2	0.000214360999988581	0.000632660430752594	0.000962927298988926
ccomisiones_otras_min6	0.000214316931113852	0.000193911634868013	0.000962927298988926
mrentabilidad_delta2	0.000214227679086912	0.00102939224297805	0.000481463649494463
chomebanking_trx_max6	0.000213693121625159	0.000189398876302185	0.00120365912373616
Master_msaldopesos_max6	0.000213502500903269	0.000220948168622222	0.000962927298988926
mcaja_ahorro_min6_delta1	0.00021325782262873	0.00140478080041758	0.000962927298988926
mcuenta_corriente_delta1	0.000211574739012769	0.00125122079969702	0.000722195474241695
mcuentas_saldo_lag1	0.000210535999946553	0.000134725544182351	0.000722195474241695
mcomisiones_otras_min6_lag2	0.000210313048483489	0.000652221361384624	0.000962927298988926
cmobile_app_trx_ratioavg6_delta1_lag2	0.000210143712427502	0.00109805481882395	0.000962927298988926
mvr_msaldopesos2	0.000210090169528434	0.000543142507510049	0.00120365912373616
Visa_Fvencimiento_avg6_delta1_delta2	0.000209351210558007	0.000424487124373338	0.000962927298988926
mpasivos_margen_ratiomax6	0.000209330580696733	0.000262154025485918	0.00144439094848339
mcaja_ahorro_avg6_delta1	0.000208717531083271	0.000292391970501015	0.000962927298988926
mactivos_margen_ratioavg6_delta1	0.000208365119769989	0.000286069183260761	0.000962927298988926
mcuentas_saldo_min6_delta1_delta2	0.000207890882206969	0.000122252353385122	0.000481463649494463
mpasivos_margen_ratiomax6_delta1	0.000207494683520639	0.000220617253515928	0.000722195474241695
ccaja_ahorro_ratioavg6_delta1_delta2	0.000207228958730351	0.00384651409963701	0.000722195474241695
mtransferencias_recibidas_lag2	0.000206899202970829	0.000600170723874671	0.00120365912373616
Visa_mpagospesos_lag1	0.000206652694935371	0.000766237776473107	0.000962927298988926
mrentabilidad_annual_lag2	0.000206361356691095	0.000465868443200371	0.00144439094848339
Master_msaldototal_ratiomax6_lag2	0.000205875658064414	0.00143709812361223	0.000962927298988926
mcomisiones_otras_min6_lag1_lag2	0.000205512877572776	0.000204071498201244	0.000722195474241695
cliente_edad_avg6_lag1_lag2	0.000205039992070855	0.00101452876771536	0.00144439094848339
mcaja_ahorro_delta1	0.00020287234916361	0.00032949140176661	0.000722195474241695
chomebanking_trx_max6_lag2	0.00020281371577583	0.000422772522380728	0.000722195474241695
mcomisiones_mantenimiento_max6_lag2	0.000202711628765099	0.00218992229473022	0.000722195474241695
ctarjeta_visa_trx_tend6_lag1_lag2	0.000200947525980041	0.000663757215904025	0.00120365912373616
Visa_fultimo_cierre_avg6_lag1_delta2	0.000200565795840281	8.64211735036478e-05	0.000722195474241695
mcaja_ahorro_max6_lag2	0.000199987969657663	0.000829793485701876	0.00144439094848339
Visa_msaldopesos_tend6	0.000199738438411455	0.00117621696693052	0.000962927298988926
Master_fechaalta_tend6	0.000198511859552053	0.000402826806741379	0.00120365912373616
mcuenta_corriente_avg6_delta1_delta2	0.000195914683534528	0.00113683806928157	0.00120365912373616
mprestamos_personales_avg6_delta2	0.000194824625592458	0.000891148224688784	0.000481463649494463
internet_avg6	0.000194821765791301	0.00107706402710472	0.000962927298988926
ctrx_quarter_tend6_lag1_lag2	0.000194509013159763	0.000113353045735866	0.000722195474241695
mcuenta_corriente_ratiomax6_delta2	0.000193514791878151	0.00018536479028546	0.000962927298988926
mcomisiones	0.000192582909356809	0.000321657179017611	0.00120365912373616
mactivos_margen_tend6_delta1_delta2	0.000192446848078939	0.000266300468724779	0.00120365912373616
ctrx_quarter_ratioavg6_lag1	0.000191971077717946	0.000206264772742958	0.000722195474241695
Visa_msaldopesos_max6_delta2	0.000191202388331463	0.00491070475953689	0.00216658642272508
Visa_status_tend6_delta1	0.00019103483671889	4.23263508050066e-05	0.000240731824747232
mactivos_margen_avg6_delta1_delta2	0.000190237747651565	0.000175769791342973	0.00120365912373616
Visa_mpagado_tend6_delta1	0.000188004479665196	0.00151714725739468	0.000481463649494463
chomebanking_trx_ratiomax6	0.000187560978033701	0.000382000703005287	0.000962927298988926
mcomisiones_avg6_lag1_lag2	0.000187505294015795	0.000690881480639903	0.000962927298988926
mpasivos_margen_tend6_delta1_lag2	0.000187227252460717	0.000183653266572909	0.00120365912373616
Visa_msaldototal_tend6_delta1	0.000187193665258388	0.000414881351450645	0.000962927298988926
mrentabilidad_annual_lag1_delta2	0.000186492397656828	0.000136350876053263	0.000481463649494463
Master_msaldopesos_ratioavg6	0.000185327324048817	0.000520712619863454	0.000962927298988926
mcuenta_corriente_ratioavg6_lag2	0.000184683988213425	0.000367862162696385	0.000962927298988926
mrentabilidad_annual	0.000184602770713599	0.000617021228915152	0.000962927298988926
thomebanking_ratioavg6	0.000183405492886891	0.00122193250407998	0.000481463649494463
Visa_cconsumos_min6	0.000182909918776087	0.00029769430790186	0.00120365912373616
Visa_msaldototal_avg6_lag1_delta2	0.000182798748004709	0.000120950240920358	0.000722195474241695
mtransferencias_recibidas_ratioavg6	0.000181293064828087	0.000239257778410453	0.000962927298988926
mpasivos_margen_min6_lag2	0.000180769065445379	0.000223396940408795	0.00120365912373616
mtransferencias_emitidas_tend6	0.000180739727425604	0.000580537453661265	0.000962927298988926
mtarjeta_visa_debitos_automaticos_max6_lag2	0.000180711116618503	0.00103630605998955	0.000481463649494463
mcuenta_corriente_avg6_lag1_lag2	0.000180224952554385	0.000346006374280709	0.000962927298988926
chomebanking_trx_ratiomax6_lag1_delta2	0.00018013676628854	0.000123668362212054	0.000722195474241695
mcomisiones_ratioavg6	0.000180084236102428	0.000204170003163117	0.000962927298988926
Visa_fechaalta_avg6_delta1_delta2	0.000179844334559519	0.000319705549460493	0.000722195474241695
chomebanking_trx_max6_delta1_delta2	0.000179247420910249	0.000555126251777968	0.000962927298988926
Visa_Fvencimiento_tend6_lag1_lag2	0.000179142719346036	0.000192523330561609	0.000722195474241695
cliente_edad_max6_lag2	0.000178960690389966	0.00136595445403914	0.00144439094848339
mrentabilidad_annual_ratioavg6_lag1	0.000178088147942914	0.000896961556579348	0.00120365912373616
mcuenta_corriente_ratioavg6_delta2	0.000177788951110075	0.000871653477078012	0.000962927298988926
mcaja_ahorro_dolares_min6	0.000177342586478541	0.000288068526158787	0.000481463649494463
ccajas_trx_tend6_lag1_delta2	0.000177242768541957	0.000393596583985829	0.000722195474241695
mpasivos_margen_tend6_lag1_delta2	0.000176686538283196	0.000128321182520546	0.000722195474241695
mvr_msaldopesos_lag2	0.000176545335334491	0.00125517638957225	0.000481463649494463
chomebanking_trx_lag1_lag2	0.000176429302261369	0.000393062502395671	0.000481463649494463
mpasivos_margen_ratiomax6_delta2	0.000176207495998321	0.000435148747356111	0.00120365912373616
cliente_edad_max6	0.000175596533922411	0.000399186740572149	0.00120365912373616
mcomisiones_ratiomax6_delta1	0.000174975100837046	0.0010901651870339	0.000722195474241695
mcuenta_corriente_ratiomax6_lag2	0.000174767019380334	0.000362827635660633	0.000722195474241695
Master_mpagospesos_avg6_delta1	0.000174544636785248	0.000471321616324085	0.000722195474241695
mcuentas_saldo_max6_lag1_lag2	0.000173229659267517	0.000298348442414301	0.000962927298988926
mrentabilidad_annual_tend6_lag1_delta2	0.000172809857091846	0.000525956469943187	0.00120365912373616
Master_Fvencimiento_avg6_lag1	0.000172792342142626	0.000145611881609398	0.000962927298988926
mrentabilidad_tend6_delta1	0.000171244016792972	0.000658838124370469	0.000722195474241695
cmobile_app_trx	0.000169633338821221	0.000162254602745927	0.000481463649494463
mrentabilidad_annual_tend6	0.000169143982005569	0.000492386286764714	0.000962927298988926
mpagomiscuentas_tend6	0.000168996479657056	0.000355464389760592	0.000481463649494463
mprestamos_personales_ratioavg6_lag1_delta2	0.000168683876306712	0.00127061242492583	0.000481463649494463
mrentabilidad_ratiomax6_lag2	0.00016865007477924	8.42340555220509e-05	0.000481463649494463
ccomisiones_mantenimiento_delta1	0.000167812121051384	0.000324085941983804	0.000481463649494463
tcallcenter_tend6_delta2	0.000167805468441608	0.000554150436999409	0.000722195474241695
mrentabilidad_annual_ratioavg6_delta1_lag2	0.0001674525804948	0.000282530700333463	0.00120365912373616
mcaja_ahorro_dolares_ratioavg6_lag2	0.000166872323427884	0.000186936252255348	0.000962927298988926
mtransferencias_emitidas_max6	0.000166040516886333	0.00109423467327129	0.000722195474241695
mpasivos_margen_delta2	0.000166014707234205	5.19798370686066e-05	0.000481463649494463
Visa_mpagospesos_avg6_delta1	0.00016549500181841	0.000462710127860303	0.000722195474241695
mdescubierto_preacordado	0.000164401911602089	0.00144340398031216	0.000481463649494463
Master_mpagospesos_tend6_lag1	0.000164074558203495	0.000987370641898842	0.00120365912373616
internet_ratioavg6	0.000163888380029956	0.000178307833251244	0.000722195474241695
mprestamos_personales_ratioavg6_lag1	0.000163576725681487	0.000440291014193912	0.000722195474241695
chomebanking_trx_min6	0.000161833349523906	0.000164107727341171	0.000722195474241695
ctrx_quarter_normalizado_delta2	0.000161612788692533	0.000214014342790347	0.000962927298988926
Master_fechaalta_tend6_delta2	0.000161434568272922	0.000115193857210877	0.000481463649494463
mactivos_margen_tend6_delta2	0.000161041288033932	0.000215353394615815	0.000962927298988926
mrentabilidad_annual_ratioavg6_delta1_delta2	0.000160607332934786	0.000158831555320824	0.000722195474241695
mpayroll_ratioavg6_delta1	0.000159528909062617	0.00359200498267649	0.00120365912373616
mv_Fvencimiento	0.00015937154909041	0.000421816716422549	0.000722195474241695
mcuentas_saldo_max6_lag1_delta2	0.000159083116497944	0.000633623932410919	0.000481463649494463
Visa_mpagado_ratioavg6_lag1	0.000157952799817046	0.000657679151928426	0.000481463649494463
mrentabilidad_annual_ratiomax6_lag1_lag2	0.00015787009696934	0.000912006650365491	0.00120365912373616
Visa_msaldopesos_ratioavg6_lag1_delta2	0.000157277795042666	0.000121889116338214	0.000722195474241695
mcuentas_saldo_ratioavg6_delta1	0.000156789947299941	0.000995615815035657	0.00120365912373616
chomebanking_trx_delta2	0.000156357907265254	0.000539185378494788	0.000962927298988926
mcaja_ahorro_ratioavg6_delta1_lag2	0.000156326315099451	0.00015864993679737	0.000722195474241695
ctransferencias_emitidas_max6_lag2	0.000156020292917169	0.000557190238557223	0.000722195474241695
chomebanking_trx_max6_lag1_lag2	0.000155755689868423	0.000547896911060473	0.000722195474241695
ctrx_quarter_ratiomax6_delta2	0.000154836360829193	0.000218710259019659	0.00120365912373616
ctransferencias_recibidas_tend6_lag1_delta2	0.000154739606355967	0.00117610614884841	0.00144439094848339
Master_Fvencimiento_max6_lag1_lag2	0.000153800437979356	0.000230569332945207	0.00144439094848339
Visa_mconsumosdolares_ratioavg6_delta2	0.000153560423542545	0.00039158338882754	0.00168512277323062
mrentabilidad_annual_tend6_delta1	0.000153516403717352	0.000221563824633931	0.000722195474241695
Visa_mconsumospesos_min6_delta1	0.000153428549602163	0.000865507690941126	0.000481463649494463
tpaquete9_avg6	0.000153406170218612	0.00137443665474047	0.000481463649494463
ccajas_consultas_avg6_lag1	0.000153292712246084	0.000963604780706838	0.000722195474241695
cproductos_ratioavg6_delta1	0.000152089493294433	0.00232942840784349	0.000722195474241695
Visa_mpagominimo_tend6_delta1_lag2	0.000151665803143381	0.000494656518307892	0.000722195474241695
Visa_mfinanciacion_limite_lag2	0.000150421712100461	0.000385003565202398	0.00144439094848339
mactivos_margen_lag1	0.000149908433206741	0.000109563682983796	0.000722195474241695
Visa_mpagominimo_lag1	0.000149190584463144	0.000620869078988334	0.000722195474241695
mpasivos_margen_ratioavg6_delta2	0.000146578039880065	8.78741216912814e-05	0.000481463649494463
Visa_fultimo_cierre_tend6_lag1	0.000146023255516297	0.000151417517799816	0.000722195474241695
mactivos_margen_lag2	0.000144798569662391	0.000249239101500288	0.000481463649494463
cmobile_app_trx_min6_lag1	0.000144528948632943	8.21531382024738e-05	0.000481463649494463
ctransferencias_emitidas_tend6	0.000144491058933347	5.89075063403642e-05	0.000240731824747232
ccallcenter_trx_ratioavg6	0.000144177830734577	0.000767770759942263	0.000481463649494463
cmobile_app_trx_max6_lag1_lag2	0.000143243155055469	0.000156221173831177	0.000962927298988926
cproductos_tend6	0.000143183901617587	6.6630911007256e-05	0.000240731824747232
ctarjeta_visa_debitos_automaticos_max6_lag1_lag2	0.00014303250649537	0.000528437563670375	0.000722195474241695
cliente_edad_avg6	0.000142861814646254	0.00184508720601179	0.000962927298988926
cpagomiscuentas_avg6_lag1	0.000142414071296265	0.000436433929280554	0.000481463649494463
ctrx_quarter_max6_delta1_delta2	0.000141524265812008	0.000108948026972087	0.000481463649494463
mtransferencias_emitidas_tend6_delta2	0.000141337746424311	0.000614960320415955	0.000962927298988926
mtarjeta_visa_debitos_automaticos_avg6_lag1_delta2	0.000141244929775721	0.000218026880846662	0.000481463649494463
Visa_msaldopesos_lag2	0.000141142639102789	9.56452396990806e-05	0.000240731824747232
mpasivos_margen_tend6_delta1_delta2	0.000140464435445684	0.000187299489302256	0.000962927298988926
mforex_sell_avg6	0.00014038522684421	0.00153509363013601	0.000962927298988926
cmobile_app_trx_lag1_lag2	0.000139891695753174	0.000632760474854497	0.000962927298988926
ccajas_trx_avg6_lag1	0.000138391382434355	0.00106721968747749	0.000722195474241695
mcaja_ahorro_ratioavg6_delta2	0.000138344537995715	0.000233779979046271	0.000722195474241695
cliente_edad_lag1_lag2	0.000138027097934689	0.00074781427032271	0.00120365912373616
mprestamos_personales_tend6_delta1_delta2	0.000137970336959598	0.00123642966401571	0.000240731824747232
ccomisiones_otras_avg6_lag1_delta2	0.000137413530102226	0.000213137032973662	0.00120365912373616
mrentabilidad_annual_max6_delta2	0.000137408212226267	0.00011107973591263	0.000240731824747232
Visa_mconsumospesos_tend6_lag1_lag2	0.000136958504762284	9.1361812997614e-05	0.000481463649494463
ccomisiones_otras_avg6_delta1_delta2	0.000136665969069575	9.8855885800144e-05	0.000481463649494463
Visa_mpagominimo_ratiomax6_delta2	0.000135860428554087	0.000195004424288797	0.000722195474241695
mtransferencias_emitidas_delta1	0.00013538855709799	0.000473307106961847	0.000481463649494463
mcomisiones_otras_ratioavg6_lag1_lag2	0.00013489830272916	0.000268830814932904	0.000722195474241695
mcaja_ahorro_dolares_ratioavg6_delta1_delta2	0.000134295622560628	0.000462848650462937	0.000722195474241695
ccaja_ahorro_avg6_delta2	0.000134275328848614	0.00117388363064614	0.000240731824747232
mcomisiones_mantenimiento_ratioavg6_delta1_delta2	0.000133118478501798	0.000198141191668455	0.000962927298988926
mactivos_margen_tend6_lag2	0.000132930189065659	0.000857022411959744	0.000722195474241695
mcaja_ahorro_min6_lag2	0.000132559610231082	0.000178169310648609	0.000722195474241695
cliente_edad_lag2	0.000132414463059976	0.00141718319077346	0.000962927298988926
mcomisiones_otras_ratioavg6_lag1_delta2	0.000131889585050813	0.000310875503112554	0.000962927298988926
ctarjeta_visa_ratioavg6	0.000131873019103469	0.00113448626331684	0.000240731824747232
Master_mpagospesos_avg6_delta2	0.000131822041708347	0.00247016429384015	0.000481463649494463
cliente_antiguedad_ratioavg6	0.000131748733979208	0.00134200543518366	0.000722195474241695
chomebanking_trx_lag1	0.000131613679283102	0.000310422995943947	0.000722195474241695
mcomisiones_tend6_lag1_delta2	0.000131437695948811	0.000151291308317415	0.000962927298988926
mactivos_margen_min6_delta2	0.00013135346083628	0.000190105341575621	0.000722195474241695
chomebanking_trx_avg6_lag1_lag2	0.000130987123187051	0.000353906780050967	0.000722195474241695
Visa_Fvencimiento_ratioavg6_delta1	0.00013076322858673	0.000123186611382891	0.000722195474241695
mactivos_margen_ratiomax6	0.000130580964779353	0.000231466651582274	0.000722195474241695
ctrx_quarter_max6_delta2	0.000130437218718881	0.000312744019108091	0.000722195474241695
chomebanking_trx_min6_lag1_lag2	0.000129900581883391	0.000229093297657135	0.000722195474241695
cliente_edad_ratioavg6_lag1_delta2	0.000129814571924094	0.000565660126138313	0.00120365912373616
mtransferencias_recibidas_ratioavg6_delta1	0.000129429473627397	0.000112868216626645	0.000722195474241695
Visa_mpagado_ratioavg6	0.000129365830789268	0.00131971253099967	0.000481463649494463
mcuenta_corriente_min6_delta1_lag2	0.000128498850399555	0.000448647005412835	0.000481463649494463
mcuentas_saldo_tend6_lag1	0.000128028102817589	5.78039429393755e-05	0.000481463649494463
Visa_mpagominimo_max6_lag1_lag2	0.000127636098932807	0.000262688107076076	0.00120365912373616
mpasivos_margen_ratioavg6_lag2	0.000127454065978133	0.000163472062509082	0.000722195474241695
mcuenta_corriente_lag1_delta2	0.000127240166820037	0.000144643762530986	0.000481463649494463
mactivos_margen_ratiomax6_delta2	0.000127130735174567	0.000104142831800697	0.000481463649494463
mpasivos_margen_avg6_delta2	0.000126195371202526	0.000612762428454153	0.000722195474241695
mcuentas_saldo_ratioavg6_lag1_delta2	0.000126069255217729	0.0010373080401486	0.000962927298988926
ctrx_quarter_min6_delta1	0.000124806921746343	0.000756675099471234	0.000481463649494463
ctarjeta_master_trx_avg6_delta1	0.000124378088058442	0.000405914321640101	0.000481463649494463
ctrx_quarter_avg6_delta1_lag2	0.000123273573565612	0.00012206765658161	0.000722195474241695
mrentabilidad_annual_ratiomax6	0.000123073656190764	7.51639033295453e-05	0.000481463649494463
mprestamos_personales_min6_lag2	0.000123045911214587	0.00130514918804268	0.000722195474241695
ctrx_quarter_ratioavg6_delta2	0.000123028072111918	9.93360974892772e-05	0.000722195474241695
Visa_mpagospesos_max6_delta2	0.000122958620102758	7.9148736865333e-05	0.000481463649494463
Master_mpagominimo_max6_lag1_delta2	0.000122214259285701	0.0023741050254732	0.000962927298988926
Visa_msaldopesos_min6_delta2	0.000122148948763377	0.000315699167964295	0.000481463649494463
cproductos_min6_delta2	0.000120465078222266	0.00104144678768732	0.000481463649494463
Visa_msaldototal_ratiomax6_delta1_lag2	0.000120360842628637	0.00108752556188369	0.000962927298988926
Visa_cconsumos_avg6_lag1_lag2	0.000119421667187828	0.000200046647024695	0.000962927298988926
cprestamos_personales_ratioavg6	0.000119056947106963	0.000110119312534364	0.000481463649494463
mcomisiones_mantenimiento_tend6_lag1_lag2	0.000118998032217503	0.000529302560366827	0.00120365912373616
Visa_mpagominimo_ratioavg6	0.000117989517261577	0.000295770382865269	0.000962927298988926
Visa_cconsumos_avg6_delta1	0.000117468271050602	0.000154234144053385	0.000722195474241695
mprestamos_prendarios_min6	0.00011549496133526	0.00210850486546174	0.000240731824747232
mcuentas_saldo_tend6_lag2	0.000115237008763702	0.000169430073562397	0.000962927298988926
mautoservicio_ratioavg6_delta1	0.000115195780496835	0.000212142748514751	0.000481463649494463
mtarjeta_visa_debitos_automaticos_ratiomax6_lag2	0.00011476685297504	0.000394612416405149	0.000722195474241695
Visa_Fvencimiento_max6_lag1	0.000114709489743632	0.000117773455899938	0.000722195474241695
mrentabilidad_annual_avg6_delta1_delta2	0.000114398807655582	0.000221880887479961	0.000481463649494463
mtransferencias_recibidas_lag1	0.000113833337957214	0.000126571180307262	0.000481463649494463
mcaja_ahorro_ratioavg6_lag1_lag2	0.000113760788363282	0.000273252764237005	0.000962927298988926
Visa_cconsumos_avg6_delta2	0.000113270970108797	7.65937644167399e-05	0.000240731824747232
mcaja_ahorro_avg6_delta1_lag2	0.000112899161836958	0.0004835470055766	0.000481463649494463
mv_msaldototal_lag1	0.000112870105318863	5.59939142649505e-05	0.000481463649494463
Visa_cconsumos_max6_lag1_lag2	0.00011260004071101	0.000112341830736634	0.000481463649494463
mactivos_margen_avg6	0.000111934063183684	0.000256485372758106	0.000481463649494463
Visa_cconsumos_lag1	0.000111009940085542	0.000926474566640657	0.000481463649494463
chomebanking_trx_ratiomax6_lag1_lag2	0.000110993949937089	0.000114807533063529	0.000722195474241695
internet_tend6_delta1_lag2	0.000110959465981302	0.000215179471792507	0.000240731824747232
ctransferencias_recibidas_avg6_delta2	0.000110648619883868	0.000248926656074346	0.000722195474241695
Visa_msaldototal_ratiomax6_lag1	0.000110089145958023	0.000420433029536233	0.000722195474241695
mvr_msaldopesos_lag1	0.00011004649845352	0.000107259590359974	0.000722195474241695
mcuentas_saldo_avg6_delta2	0.000110024197975742	0.000803344903438849	0.000481463649494463
Visa_cconsumos_avg6_delta1_delta2	0.000109234842740555	0.000138090104286341	0.000962927298988926
ccomisiones_otras_tend6_lag1_lag2	0.000108906472097254	0.000414022511314311	0.00120365912373616
ctrx_quarter_ratiomax6_delta1_delta2	0.000108796447592185	0.000582789215524091	0.000962927298988926
Visa_mpagospesos_ratioavg6	0.000108028694412047	7.9701288135842e-05	0.000481463649494463
ctransferencias_emitidas_ratiomax6_delta1_lag2	0.000106969209525057	0.000163973822158625	0.000481463649494463
mcomisiones_tend6_lag1_lag2	0.000105818404000299	0.000285998382819415	0.000722195474241695
Visa_fechaalta_ratioavg6_delta1_lag2	0.000105453824137127	0.000397335155116933	0.000962927298988926
Master_fechaalta_ratioavg6_delta2	0.000104552374719747	0.00195974852077254	0.000962927298988926
mv_Finiciomora_lag1	0.000103341561353931	0.000353754405188069	0.000240731824747232
ctarjeta_visa_debitos_automaticos_avg6_delta1_delta2	0.000103241631189878	0.000670353970069489	0.000962927298988926
Visa_msaldototal_ratiomax6_lag1_lag2	0.000102834933503867	0.000214486858779334	0.000962927298988926
Visa_msaldopesos_avg6_delta1_lag2	0.000102708387302666	0.000349978894696263	0.000481463649494463
mextraccion_autoservicio_avg6_delta1_lag2	0.0001019096390815	4.09426639186902e-05	0.000240731824747232
mactivos_margen_max6_delta2	0.000101458025083413	0.000704852254685613	0.000722195474241695
chomebanking_trx_ratioavg6_delta2	0.000101130792176068	0.000268486047566347	0.000962927298988926
mvr_mpagominimo_delta2	0.000100819942879752	0.000276591158960498	0.000962927298988926
mvr_Master_mlimitecompra_lag1	0.000100811249382797	0.000555444853764028	0.000481463649494463
mrentabilidad_ratioavg6_delta1	0.000100598248577599	0.000105240238641568	0.000962927298988926
mcomisiones_ratioavg6_delta1_lag2	0.000100579142717371	9.73290588911053e-05	0.000722195474241695
chomebanking_trx_avg6_delta1	0.000100355924680747	0.00012970948682695	0.000481463649494463
Master_fechaalta_avg6_delta1_lag2	0.000100317301370712	0.000263322232768136	0.000722195474241695
mpasivos_margen_max6_lag1_delta2	9.95261974129678e-05	0.000203662086953457	0.000722195474241695
Visa_mpagospesos_avg6_delta1_delta2	9.94207334483724e-05	5.67927279401432e-05	0.000481463649494463
mactivos_margen_ratioavg6_lag2	9.8991387939235e-05	0.000318905196645271	0.000481463649494463
chomebanking_trx_lag1_delta2	9.84890012745193e-05	0.000129635608105545	0.000962927298988926
chomebanking_trx_avg6_lag1	9.75570345159329e-05	0.000332220297038511	0.000962927298988926
ccuenta_debitos_automaticos_avg6_delta1_delta2	9.7410457444248e-05	0.000321153880228039	0.000240731824747232
mcomisiones_otras_tend6_lag2	9.73554025399441e-05	7.58796034431572e-05	0.000481463649494463
mprestamos_personales_min6_delta2	9.7126686690208e-05	6.97538261266508e-05	0.000240731824747232
mprestamos_personales_max6_lag1_delta2	9.65568163955034e-05	5.53013012517777e-05	0.000240731824747232
ctransferencias_recibidas_avg6_lag1_delta2	9.62202379522745e-05	0.000202909447479143	0.000722195474241695
mprestamos_personales_delta2	9.55919907135549e-05	0.000561144289292426	0.000240731824747232
mcaja_ahorro_ratiomax6_lag2	9.52409325276665e-05	0.000177578280877368	0.000722195474241695
Visa_mpagominimo_tend6_lag1_lag2	9.49502436565843e-05	0.000143731052493627	0.000481463649494463
mcuentas_saldo_tend6_delta2	9.39146992079167e-05	6.34141083460755e-05	0.000481463649494463
Visa_mconsumosdolares_ratioavg6_delta1_lag2	9.33285647271386e-05	0.000210252684558804	0.000722195474241695
Visa_mpagospesos_max6_lag2	9.29723616715324e-05	7.17362384843544e-05	0.000481463649494463
Visa_cconsumos_avg6_delta1_lag2	9.28028848647059e-05	0.000465555997774428	0.000962927298988926
tmobile_app_avg6_delta1	9.27896468216913e-05	0.000753750733415615	0.000962927298988926
mrentabilidad_annual_tend6_delta2	9.2769541843758e-05	0.00036855015828947	0.000722195474241695
mv_mpagominimo_lag1	9.27579768164091e-05	0.0010540123268863	0.000240731824747232
cmobile_app_trx_ratioavg6_lag1_lag2	9.25082613678707e-05	0.000132007422890654	0.000722195474241695
Visa_fultimo_cierre_ratiomax6	9.19970159305922e-05	5.31172615502393e-05	0.000481463649494463
mactivos_margen_ratioavg6_lag1_delta2	9.19744251542073e-05	0.000208545778266341	0.000962927298988926
mcaja_ahorro_dolares_ratioavg6_lag1_delta2	9.12403052936241e-05	0.000799846438152311	0.000722195474241695
ccomisiones_mantenimiento_tend6_delta2	9.1149535929978e-05	0.000123148132882159	0.000240731824747232
ccajas_consultas_avg6_lag1_delta2	9.09425213006555e-05	0.000824255659876551	0.000240731824747232
internet_tend6_lag1	8.96035713557753e-05	0.000273532887722333	0.000240731824747232
ctarjeta_visa_debitos_automaticos_tend6	8.9454846767487e-05	0.000140860556339033	0.000481463649494463
ctrx_quarter_min6_delta1_delta2	8.8721029467895e-05	2.76783551464157e-05	0.000240731824747232
ctrx_quarter_min6_delta2	8.86797862729079e-05	0.000180590377914656	0.000722195474241695
mtransferencias_emitidas_avg6_delta1_lag2	8.84488653266794e-05	0.000536598084105581	0.000722195474241695
cmobile_app_trx_tend6_lag2	8.8415714238695e-05	0.000606214926769626	0.000481463649494463
chomebanking_trx_min6_lag1	8.81432856565073e-05	3.27298127224896e-05	0.000240731824747232
mcaja_ahorro_ratiomax6_lag1_delta2	8.66377208385462e-05	7.69662363038239e-05	0.000481463649494463
cmobile_app_trx_ratioavg6_delta1_delta2	8.59893563595096e-05	0.000651821184977013	0.000481463649494463
Visa_fechaalta_ratioavg6_delta1	8.57523276798628e-05	0.000519746039925071	0.000722195474241695
mcomisiones_avg6_delta1_delta2	8.56542232781258e-05	0.000147044820976651	0.000962927298988926
ctransferencias_recibidas_avg6	8.49815952736121e-05	8.93116784786224e-05	0.000240731824747232
ccajas_trx_tend6_delta1_delta2	8.41055791064929e-05	0.000695249560042979	0.000240731824747232
Visa_Finiciomora_max6	8.37320775593985e-05	0.000715489251427919	0.000240731824747232
internet_tend6_lag1_lag2	8.32980360904193e-05	0.000133811295004962	0.000240731824747232
mvr_msaldopesos2_delta2	8.3056141910146e-05	5.21660730121486e-05	0.000481463649494463
mrentabilidad_annual_avg6_delta1	8.27054793194215e-05	0.000122569416231153	0.000481463649494463
mcomisiones_ratiomax6_lag1_delta2	8.18839033379757e-05	0.000146121336959088	0.00120365912373616
Visa_cconsumos_avg6_lag1	8.13988124990127e-05	2.68641500709303e-05	0.000240731824747232
mrentabilidad_tend6_delta1_lag2	8.13167568919123e-05	0.000104022778878413	0.000722195474241695
Master_Fvencimiento_avg6_lag1_delta2	8.12788458664316e-05	0.000368767177033598	0.000481463649494463
mactivos_margen_max6_lag2	8.0737155595955e-05	0.000111813905706593	0.000481463649494463
Visa_fechaalta_ratioavg6	8.07339881689091e-05	0.000178954272063538	0.000722195474241695
mtarjeta_visa_debitos_automaticos_avg6_lag1	8.03771405384337e-05	0.000206835793693818	0.000240731824747232
cextraccion_autoservicio_ratioavg6_lag1	8.03142547692164e-05	5.10271093904866e-05	0.000240731824747232
mvr_msaldototal_lag1	8.02415633581495e-05	0.000253807269107171	0.000481463649494463
mtransferencias_recibidas_tend6_lag1_delta2	7.98789902607415e-05	0.000127437716143743	0.000481463649494463
chomebanking_trx_avg6_delta1_delta2	7.96192756379486e-05	0.000117214748069312	0.000481463649494463
mcomisiones_avg6_delta1_lag2	7.93411119921802e-05	0.000126140221099066	0.000240731824747232
Visa_mpagospesos_tend6_lag1_lag2	7.92518034516457e-05	7.94873476717731e-05	0.000481463649494463
chomebanking_trx_max6_delta2	7.81530640084306e-05	0.000195966386807093	0.000481463649494463
ccomisiones_mantenimiento_delta2	7.78304460225653e-05	0.000516909404851121	0.000240731824747232
ctrx_quarter_ratioavg6_delta1_lag2	7.7731754092701e-05	0.00055169396951269	0.000481463649494463
ccallcenter_trx_avg6_delta1	7.76833917842071e-05	0.000969825984705159	0.000481463649494463
mtarjeta_visa_debitos_automaticos_ratiomax6_lag1	7.72481704606491e-05	0.00012037306340938	0.000481463649494463
mrentabilidad_ratiomax6_delta1	7.71208741214483e-05	4.58909991128027e-05	0.000240731824747232
cproductos_delta2	7.6788386516079e-05	9.71105010069485e-05	0.000240731824747232
mtarjeta_visa_debitos_automaticos_avg6_delta1_lag2	7.65204185759226e-05	0.000238297355032187	0.000962927298988926
Visa_mpagominimo_max6_delta1_delta2	7.49467108249141e-05	7.59380907642696e-05	0.000481463649494463
mtransferencias_emitidas_avg6_delta2	7.32681466637763e-05	6.47316122111331e-05	0.000481463649494463
mcomisiones_ratioavg6_delta1	7.18426173917958e-05	0.000258376975854082	0.000481463649494463
Visa_fultimo_cierre_ratiomax6_lag1_lag2	7.00253214521805e-05	4.59402515937395e-05	0.000240731824747232
mcuenta_corriente_tend6_lag1	6.91723926879895e-05	0.00010288689353681	0.000722195474241695
ccomisiones_otras_ratiomax6_delta1_lag2	6.85667548858041e-05	0.000365582696313032	0.000481463649494463
mactivos_margen_ratioavg6_delta1_delta2	6.83733608325556e-05	0.000144809989654147	0.000481463649494463
Visa_fultimo_cierre	6.80152544417275e-05	4.51044985578443e-05	0.000240731824747232
mcuentas_saldo_ratioavg6_delta1_lag2	6.68805408965223e-05	0.000543222542791571	0.00120365912373616
ctarjeta_visa_trx_tend6_lag1	6.54734216944556e-05	0.000624378318255076	0.000722195474241695
ccomisiones_mantenimiento_tend6_lag2	6.53943629073224e-05	0.000121575131772242	0.000240731824747232
mtarjeta_visa_debitos_automaticos_max6_delta2	6.53493503621899e-05	0.000368991891477872	0.000481463649494463
ctarjeta_debito_trx_ratioavg6	6.50119983224884e-05	0.000132310633476421	0.000481463649494463
mrentabilidad_min6_lag2	6.4643444380677e-05	2.6354694721241e-05	0.000240731824747232
mtransferencias_recibidas_max6_lag2	6.39798105680946e-05	5.87905316981395e-05	0.000481463649494463
mprestamos_personales_ratiomax6_lag1	6.39415583284565e-05	0.000906100970073171	0.000722195474241695
Visa_mconsumosdolares_ratioavg6_lag1	6.36417430449568e-05	0.000159596507915372	0.000481463649494463
ccajas_consultas_tend6_delta1_delta2	6.34646624938905e-05	0.00088489008132976	0.000481463649494463
mtarjeta_visa_consumo_min6_lag2	6.29806182227259e-05	8.95256189426913e-05	0.000240731824747232
mrentabilidad_avg6_lag1	6.29034185196038e-05	8.05278063315616e-05	0.000240731824747232
ctransferencias_recibidas_ratioavg6_delta1_lag2	6.21155795548284e-05	0.000382922647882821	0.000481463649494463
mrentabilidad_tend6_lag1_delta2	6.13319972366671e-05	0.000204677919372778	0.000481463649494463
mactivos_margen_ratiomax6_lag1	6.11670132606294e-05	0.000158551431835496	0.000722195474241695
mcuenta_corriente_min6_lag1_delta2	6.04294793924568e-05	0.000211009941453207	0.000481463649494463
internet_tend6	5.94696567630919e-05	0.000148094514476616	0.000240731824747232
mpayroll_sobre_edad_lag2	5.82016665674296e-05	0.000288388667284876	0.000240731824747232
ctrx_quarter_ratioavg6_lag1_lag2	5.81593657418413e-05	0.000103042346679767	0.000481463649494463
Visa_cconsumos_avg6_lag1_delta2	5.67338187093973e-05	9.50973058486595e-05	0.000240731824747232
mtransferencias_recibidas_ratioavg6_delta1_delta2	5.63359203500455e-05	3.2754438962958e-05	0.000240731824747232
mtransferencias_emitidas_avg6_delta1	5.62941216157583e-05	5.88813409598666e-05	0.000240731824747232
mcuenta_corriente_max6_delta1_delta2	5.61868652105421e-05	0.000107915264012445	0.000240731824747232
cpagomiscuentas_ratioavg6	5.53613999208486e-05	0.000159839692039997	0.000240731824747232
Visa_mpagominimo_ratiomax6_lag1_delta2	5.51370516123278e-05	2.69657333128624e-05	0.000240731824747232
mprestamos_personales_ratiomax6_lag1_lag2	5.47163473517277e-05	5.19721413684602e-05	0.000240731824747232
ctrx_quarter_tend6_delta1	5.44773524254986e-05	4.16737554325948e-05	0.000240731824747232
mcuenta_corriente_delta1_delta2	5.31417165231226e-05	4.82859009983515e-05	0.000240731824747232
mtarjeta_visa_debitos_automaticos_tend6_lag2	5.14030917726834e-05	0.000146235233321254	0.000481463649494463
mv_Fvencimiento_delta2	5.00727382919824e-05	0.000109028062253609	0.000240731824747232
internet_ratioavg6_delta1_delta2	5.00611967231068e-05	4.61187918371352e-05	0.000240731824747232
mcomisiones_otras_delta1_lag2	5.00034792820805e-05	6.84132351611541e-05	0.000481463649494463
Master_mlimitecompra	4.81178130888141e-05	0.000454757391329049	0.000722195474241695
ccajas_consultas_tend6_delta1_lag2	4.79627174590731e-05	0.000971232758691915	0.000962927298988926
Visa_mconsumospesos_ratiomax6_lag2	4.740594065787e-05	3.77058524371291e-05	0.000240731824747232
mtransferencias_recibidas_tend6_lag1	4.72215783834249e-05	3.34947653170383e-05	0.000240731824747232
ccallcenter_trx_delta2	4.71555641069015e-05	0.000298088327749354	0.000481463649494463
ccomisiones_otras_tend6_lag1_delta2	4.66491660432473e-05	5.45763662979901e-05	0.000240731824747232
ctrx_quarter_lag1_lag2	4.66297669521023e-05	0.00022251809145208	0.000481463649494463
mcuenta_corriente_min6_delta1_delta2	4.63330050021646e-05	0.000223638585393391	0.000481463649494463
mtransferencias_emitidas_ratiomax6_delta1	4.61980073528009e-05	6.433605322361e-05	0.000481463649494463
ccomisiones_otras_ratiomax6_delta1_delta2	4.5414039036124e-05	5.33373585744254e-05	0.000240731824747232
ctarjeta_visa_debitos_automaticos_ratiomax6_lag1_lag2	4.54134376461715e-05	3.85770056936976e-05	0.000240731824747232
ctransferencias_recibidas_ratiomax6_lag1_lag2	4.49559377038679e-05	0.000101253865965751	0.000240731824747232
Visa_cconsumos_lag1_delta2	4.45017603344223e-05	0.000133289526535039	0.000240731824747232
cforex_sell_avg6_lag1	4.44704923220693e-05	4.34252967859075e-05	0.000240731824747232
mcuenta_corriente_ratiomax6	4.34677385539323e-05	0.00013404832256947	0.000481463649494463
Visa_mconsumospesos_avg6_delta1_lag2	4.32006595699568e-05	6.55504347067063e-05	0.000240731824747232
mv_mpagominimo_lag1_lag2	4.28641285768217e-05	5.86227654349487e-05	0.000240731824747232
mcaja_ahorro_lag1_lag2	4.25648880259185e-05	0.000124936613596174	0.000240731824747232
mcuenta_corriente_tend6_lag1_delta2	4.21418592438708e-05	7.63336497517927e-05	0.000240731824747232
mpayroll_sobre_edad_lag1_lag2	4.15664271583998e-05	0.000113885588185995	0.000240731824747232
mactivos_margen_ratioavg6_delta2	4.08018078170386e-05	0.000269337192002535	0.000481463649494463
mpayroll_tend6_delta2	3.99884993479983e-05	0.000115446276175677	0.000481463649494463
Visa_mconsumosdolares_ratiomax6_lag1_lag2	3.96582509605372e-05	0.000274527172181243	0.000240731824747232
Visa_mpagospesos_tend6_delta1	3.96345706980105e-05	5.46133056586927e-05	0.000481463649494463
mtransferencias_recibidas_ratioavg6_lag2	3.94841347074637e-05	0.000509292200846249	0.000722195474241695
Visa_mconsumospesos_lag2	3.92234801462964e-05	3.11875944131581e-05	0.000240731824747232
matm_tend6_delta1	3.85035310696161e-05	0.000150333963219208	0.000240731824747232
Visa_mconsumosdolares_avg6_delta1_lag2	3.84756453425988e-05	0.000130966964230866	0.000240731824747232
mactivos_margen_ratioavg6_delta1_lag2	3.78386411624167e-05	0.000451772998812289	0.000240731824747232
ctrx_quarter_max6_delta1	3.76309099833635e-05	5.58877136029307e-05	0.000240731824747232
mrentabilidad_annual_min6_delta1_delta2	3.76145413004543e-05	6.23844236664919e-05	0.000481463649494463
ctransferencias_emitidas_ratioavg6_lag1_delta2	3.74358591754365e-05	0.000159924344741608	0.000240731824747232
mtarjeta_visa_debitos_automaticos_ratioavg6_lag1_lag2	3.69220301072096e-05	5.71451910068467e-05	0.000481463649494463
mextraccion_autoservicio_tend6_delta2	3.68651614364e-05	0.000255212503953897	0.000240731824747232
mactivos_margen_ratiomax6_lag1_delta2	3.63920872003974e-05	9.77400092789211e-05	0.000481463649494463
Visa_mconsumosdolares_tend6_delta1_lag2	3.62062011914805e-05	0.000118182867147725	0.000481463649494463
mextraccion_autoservicio_tend6_lag2	3.58720192445606e-05	0.000146430704104971	0.000240731824747232
Master_msaldopesos_ratioavg6_lag2	3.57526412064011e-05	0.000114024110788629	0.000240731824747232
cplazo_fijo_ratiomax6	3.55910827006158e-05	0.000197296203792384	0.000240731824747232
Visa_mconsumospesos_tend6_lag1	3.41433606132544e-05	5.3848353064144e-05	0.000481463649494463
Visa_mconsumosdolares_max6	3.35724064304528e-05	6.94536938209426e-05	0.000240731824747232
mautoservicio_ratiomax6_lag1	3.20804715186403e-05	7.10174600906839e-05	0.000481463649494463
mcaja_ahorro_ratioavg6_delta1	3.1992884243586e-05	0.000296724649683418	0.000722195474241695
Visa_mconsumosdolares_min6	3.09112324321728e-05	7.98428890185351e-05	0.000240731824747232
mv_mpagominimo_lag2	3.06224823505961e-05	0.000284182197584873	0.000722195474241695
ctarjeta_visa_debitos_automaticos_ratiomax6	3.03752745595413e-05	0.00018862622800749	0.000722195474241695
ccomisiones_otras_avg6	2.91776584509845e-05	0.000114081058969712	0.000481463649494463
chomebanking_trx_ratiomax6_delta2	2.86067498522617e-05	7.68569573617455e-05	0.000481463649494463
chomebanking_trx_max6_lag1_delta2	2.7405206315438e-05	0.00101020686251316	0.000481463649494463
mcuentas_saldo_tend6_lag1_delta2	2.65306728304623e-05	6.00464699620262e-05	0.000481463649494463
ctransferencias_emitidas_avg6_lag1_delta2	2.62915840703399e-05	0.00020448244858906	0.000481463649494463
Visa_mconsumosdolares_ratioavg6_delta1_delta2	2.57941060911673e-05	0.000111764653225656	0.000481463649494463
Master_msaldototal_max6_delta2	2.55228824214731e-05	0.000819122627878926	0.000481463649494463
Visa_cconsumos_min6_lag1_delta2	2.55061719912593e-05	0.000181784750577371	0.000240731824747232
Master_mpagado_avg6_delta1	2.4859641538319e-05	0.00018462446393138	0.000240731824747232
internet_avg6_lag1_delta2	2.48367012839962e-05	9.21390787123968e-05	0.000240731824747232
Visa_delinquency_tend6_delta1_delta2	2.47837208551401e-05	0.00113140490497824	0.000481463649494463
mtransferencias_emitidas_delta2	2.45785557131804e-05	7.84499672920431e-05	0.000240731824747232
ctarjeta_visa_trx_ratiomax6_delta2	2.40158138620572e-05	6.16979672134361e-05	0.000481463649494463
ctrx_quarter_ratioavg6_lag1_delta2	2.39863897390223e-05	0.000872941737282514	0.000481463649494463
ctarjeta_visa_trx_tend6	2.38003891034743e-05	3.54925690750346e-05	0.000240731824747232
mcaja_ahorro_ratioavg6_delta1_delta2	2.28284789625819e-05	3.71548403066494e-05	0.000240731824747232
mextraccion_autoservicio_tend6_lag1	2.22068997949048e-05	0.000205273566564106	0.000240731824747232
mpayroll_min6	2.20460087893151e-05	5.37991005832073e-05	0.000240731824747232
ctarjeta_visa_trx_tend6_delta1	2.14819199419907e-05	0.00010432598946418	0.000481463649494463
mrentabilidad_annual_min6_delta1_lag2	2.09603975608077e-05	4.78164632894232e-05	0.000240731824747232
mcaja_ahorro_adicional_lag2	2.08185335096725e-05	0.000240981615243239	0.000240731824747232
Visa_delinquency_tend6_lag1	2.07938573283237e-05	4.27834753937006e-05	0.000240731824747232
ccomisiones_otras_tend6_lag2	2.0552132688835e-05	4.94525691405404e-05	0.000240731824747232
Visa_cconsumos_ratiomax6_lag1_lag2	2.04191657968552e-05	0.000107846002711127	0.000240731824747232
mv_status06_delta2	1.96431147149254e-05	0.00022789738585439	0.000240731824747232
chomebanking_trx_ratioavg6_delta1	1.93633161735104e-05	8.1274289245759e-05	0.000481463649494463
mcaja_ahorro_ratiomax6_delta1_lag2	1.92036159520154e-05	2.80492878934705e-05	0.000240731824747232
mautoservicio_avg6_delta1_lag2	1.88716636263556e-05	4.22678634838942e-05	0.000240731824747232
mcuentas_saldo_min6_lag2	1.84479033664578e-05	0.000141365394268634	0.000481463649494463
ccajas_trx_tend6_delta1	1.76563099796563e-05	0.000613378084465862	0.000240731824747232
ctarjeta_visa_trx_ratioavg6_lag2	1.76537764645373e-05	3.79921324825739e-05	0.000240731824747232
ccuenta_debitos_automaticos_avg6_delta1	1.72367381235412e-05	0.000752422455570353	0.000240731824747232
mpayroll_ratioavg6_delta2	1.67571466971314e-05	4.28819803555741e-05	0.000240731824747232
cmobile_app_trx_min6_delta1	1.63065382145139e-05	0.000110217817496237	0.000240731824747232
cmobile_app_trx_ratiomax6_delta2	1.50595738751496e-05	0.00023407703307192	0.000481463649494463
mcuenta_corriente_tend6_lag2	1.49507845386737e-05	4.69822493935573e-05	0.000240731824747232
ctarjeta_visa_descuentos_avg6	1.35291605360329e-05	0.000133925191367129	0.000240731824747232
ccajas_depositos_ratioavg6_delta1_delta2	1.31390770471808e-05	0.000922443558903991	0.000240731824747232
ccallcenter_trx_avg6_lag1_delta2	1.28949276545857e-05	0.000151612988583534	0.000240731824747232
mtransferencias_recibidas_max6_delta2	1.22801631734094e-05	5.18366970458842e-05	0.000240731824747232
mcomisiones_mantenimiento_avg6_delta1_lag2	1.216608141875e-05	0.000365708905795432	0.000240731824747232
cextraccion_autoservicio_avg6_lag2	1.21338913284513e-05	0.000190203846537495	0.000481463649494463
mrentabilidad_annual_max6_delta1_lag2	1.13983804870294e-05	2.78584345298407e-05	0.000240731824747232
mvr_mpagospesos_lag1	1.05361083195428e-05	0.000613104117540652	0.000481463649494463
mprestamos_personales_delta1_delta2	8.89039884991176e-06	0.000207716181790562	0.000240731824747232
chomebanking_trx_avg6_lag1_delta2	8.27137132435583e-06	0.000241163233766693	0.000240731824747232
ccajas_consultas_avg6_delta1_delta2	7.90906799939112e-06	0.000134040626869324	0.000240731824747232
Visa_cconsumos_min6_delta1_delta2	7.5783989588515e-06	6.42560179420878e-05	0.000240731824747232
ctarjeta_visa_debitos_automaticos_avg6_lag1_delta2	6.76622182800201e-06	0.000135830646723368	0.000240731824747232
Visa_fultimo_cierre_ratioavg6_lag1_lag2	6.61431275195991e-06	3.87940244378251e-05	0.000240731824747232
Visa_fultimo_cierre_avg6_delta1	4.93521707646417e-06	6.94367632806206e-05	0.000240731824747232
ctransferencias_recibidas_tend6_lag2	4.84374129288273e-06	2.28947079354354e-05	0.000240731824747232
mcaja_ahorro_max6_delta1_lag2	4.32690980664395e-06	6.81500422161484e-05	0.000240731824747232
mcomisiones_mantenimiento_avg6	4.10152239438431e-06	6.20165691994956e-05	0.000240731824747232
mv_fultimo_cierre_lag2	3.47263164708971e-06	3.18771291462724e-05	0.000240731824747232
mcuenta_corriente_ratioavg6_lag1_delta2	2.99130935855152e-06	4.35822890688933e-05	0.000240731824747232
ctrx_quarter_min6_lag1_delta2	2.35832937283877e-06	0.000508236350786168	0.000240731824747232
mcomisiones_mantenimiento_avg6_delta1_delta2	1.42803363061642e-06	4.83289969191711e-05	0.000240731824747232
mautoservicio_avg6_delta1	2.80595896256104e-07	7.95858526336465e-05	0.000240731824747232
