Feature	Gain	Cover	Frequency
ctrx_quarter_min6	0.0641469508311264	0.00461808959894071	0.0012054533696659
mcaja_ahorro	0.048534624906082	0.00354959693487541	0.00176699505106742
ctrx_quarter_normalizado	0.0346586272006658	0.00405609472967533	0.00173175019236169
ctrx_quarter	0.027842585232217	0.00275535764965354	0.00162403556800258
mdescubierto_preacordado_avg6_delta1	0.0211550069636704	0.000486232845624044	0.000186520544386543
mdescubierto_preacordado_tend6	0.0159907916133947	0.000493374833260591	0.000183352467199511
mtarjeta_visa_consumo	0.0133086976978258	0.00358358833307208	0.00125495457571328
ctrx_quarter_lag1	0.0118633168919889	0.00120011374312106	0.00120664139861104
cpayroll_trx	0.0117407168894602	0.00397974020297354	0.000567877835775591
mprestamos_personales_ratiomax6	0.0115565770597142	0.00192676868569819	0.00106011782871078
mcuentas_saldo	0.0111158012192391	0.00289204715911923	0.00266197685640413
mcaja_ahorro_lag1	0.0103381231054441	0.000945706594107608	0.000921514451778103
mprestamos_personales_ratioavg6	0.00932463551324422	0.00350802052454519	0.00107714624359108
ctarjeta_visa_ratioavg6	0.00853433637954742	0.00078112275230081	0.000129495155019957
mpayroll_sobre_edad	0.00780230057324448	0.00542379817974399	0.000746478187194553
mpayroll	0.00738456274723585	0.00440472297877851	0.000588470337491303
mcaja_ahorro_ratiomax6	0.00699240213407704	0.00115932096854503	0.00211785959953128
cproductos_ratioavg6	0.00687700508038322	0.00644626205763261	0.00129297150195767
mpasivos_margen_max6	0.00647532669472664	0.00114093573076889	0.001214957601227
mcaja_ahorro_ratioavg6	0.0064265036091124	0.00196333528813567	0.00245367578135674
mtarjeta_visa_consumo_min6	0.00603829523150647	0.00130201775800031	0.000656583997012503
mpasivos_margen	0.00575583981233169	0.00180493220480553	0.00179431971680558
Visa_status_max6	0.00550407361501163	0.000891025969234459	0.000429670468491294
cpayroll_trx_ratioavg6	0.00533667098893354	0.00321544048145568	0.000778158959064879
mcuenta_corriente_avg6_delta1	0.00510680802235812	0.000554867785019942	0.00103833729804993
ctarjeta_visa_trx	0.00509308023027425	0.00166333782917629	0.00101180465160853
mdescubierto_preacordado	0.00498833239573421	0.000648720049731271	0.000377001185256878
mv_msaldopesos	0.00489116821626328	0.00126894685805216	0.00065816803560602
mv_mpagospesos	0.00476337742715358	0.00137249863028826	0.000674404431189562
mv_status06_delta2	0.00445562329150436	0.000923321274853607	0.000230873625005
mcuenta_corriente	0.00436538994910119	0.00338068704748432	0.00207390252856121
mpasivos_margen_max6_lag1	0.00435836792990513	0.000677686563305018	0.00103437720156614
mv_status07	0.00431505344811273	0.000560352568320748	0.000201172901376569
mcuentas_saldo_min6_delta2	0.00390724884960919	0.0013197965954451	0.00145058334201255
mv_status04	0.00385472958492576	0.000400158813345237	0.000226913528521209
Visa_msaldopesos	0.00382195074576359	0.00191914244524552	0.00126089472043897
mv_msaldototal	0.00379967688629523	0.000842319776598614	0.000588470337491303
foto_mes	0.00361852728360406	0.00294243440528483	0.00264890853800762
ctarjeta_visa_trx_ratioavg6	0.00355363754435501	0.00193799512948524	0.00117654466533423
mprestamos_personales	0.0033789341621182	0.00287184269020309	0.000793603335351663
mdescubierto_preacordado_tend6_delta1_delta2	0.00311620475711604	0.000956421668820016	0.000378189214202015
mpayroll_ratioavg6	0.00306977351174925	0.00175830554205747	0.00069658097149879
mpayroll_ratiomax6	0.00300131046025674	0.00130201540661825	0.000481547732428953
cproductos_ratiomax6	0.00293561838903443	0.000435503484673309	0.000575006009446414
mtarjeta_visa_consumo_ratioavg6	0.00271644619525031	0.00099182770594434	0.00097418373501252
mcuenta_corriente_ratioavg6	0.00267601169070909	0.00091502566677112	0.00231824048161109
mes	0.00266436685954881	0.00207270407059469	0.0018620373666784
mcuentas_saldo_ratioavg6	0.00257319861930614	0.00304214954347398	0.00314669266602012
mtarjeta_visa_consumo_avg6_delta1	0.0024882522046771	0.0034087466473165	0.00091874238423945
mcaja_ahorro_dolares_delta1	0.00238993639897704	0.00340253074246086	0.00116585240482799
ctarjeta_visa_tend6	0.00237499825701759	0.000265621704001774	5.90054376084819e-05
ccomisiones_mantenimiento_avg6_delta1	0.00221237046256719	0.000519649817009843	0.000339380268660866
mcuentas_saldo_ratiomax6	0.00217289998377355	0.00147213391192512	0.00251584929615225
ccaja_ahorro	0.00214647584258973	0.00480062967941772	0.000980915899034964
mpasivos_margen_avg6	0.002144641364522	0.00136176788346369	0.000985272005167134
mactivos_margen	0.00212221868155948	0.00264592305110626	0.00221686201162605
mcomisiones_mantenimiento_avg6_delta1	0.00199624229619296	0.00204926123610001	0.00135593703604995
ctrx_quarter_ratioavg6	0.00196897290484025	0.000859597536033519	0.00195193155686045
ctrx_quarter_lag1_lag2	0.00196610446561407	0.000655982881071841	0.00111595518913223
mcaja_ahorro_max6	0.0019493442403476	0.00103214244530103	0.00137098540268835
ctrx_quarter_ratiomax6	0.00191437902547221	0.000895426520469565	0.00175075865548388
mtransferencias_recibidas	0.00190069928846811	0.00174967865288123	0.000984479985870376
ctrx_quarter_min6_lag1_lag2	0.00184988721213664	0.00125162905352565	0.00114565591276066
mprestamos_personales_ratiomax6_delta2	0.00183906339621239	0.000543846001909967	0.000479171674538678
ctarjeta_visa_trx_ratiomax6	0.00174736040506676	0.000980548348524446	0.00100348844899257
mdescubierto_preacordado_delta1	0.00174438222298222	0.000736049045515547	0.000195628766299262
ctarjeta_visa_trx_avg6_delta2	0.00170841870294685	0.000724916852959444	0.000868845168543686
ccomisiones_mantenimiento_ratioavg6	0.00170501548013079	0.00107175997349899	0.00109417465847138
mcuenta_corriente_min6_delta2	0.00169147481336706	0.000648469473043927	0.000859736946630968
mprestamos_personales_avg6_delta1	0.00160979745865774	0.0011624365761534	0.000517980620079828
mprestamos_personales_min6	0.00157923128697371	0.000510209391091183	0.000281562859997521
mdescubierto_preacordado_min6_delta1_delta2	0.00154109261685427	0.000666323682834836	0.000193648718057367
tcallcenter_tend6	0.00150931388105046	0.00490188892197278	0.00122327380384296
ccaja_ahorro_max6	0.00150370365178028	0.00210062342782084	0.000790039248516251
mvr_msaldototal	0.0014948534331602	0.000799819706466119	0.00101061662266339
Visa_status_tend6_delta1	0.00145483845539856	0.000176677282363985	0.000189292611925197
mcuentas_saldo_avg6_delta1	0.00145116337712868	0.000942328818704179	0.00128425928969333
mactivos_margen_min6	0.00144658332451124	0.00145636697575618	0.00184976106757865
cproductos_ratiomax6_delta2	0.00144044450647525	0.00120837792784617	0.000607874810261877
cprestamos_personales_ratioavg6	0.00143032608860227	0.00222911579332784	0.000731429820556148
mpagomiscuentas	0.00142462706713891	0.00385248925037923	0.000735389917039939
Visa_mfinanciacion_limite	0.00140862603273922	0.00195713798331504	0.00277206753865351
ccomisiones_mantenimiento_tend6	0.00137909182686751	0.00141892373738941	0.000603914713778087
numero_de_cliente	0.00137787431402218	0.00154719852469097	0.00334826157704506
cpayroll_trx_lag1	0.00136588776350613	0.000326287847275725	9.86064024463892e-05
mactivos_margen_ratioavg6	0.00136548105312542	0.00151023862345789	0.00258475497497021
mcuenta_corriente_tend6	0.00135776827660653	0.0005949923412795	0.00121574962052375
cproductos	0.00132025122254983	0.00180447617987886	0.00123673813188785
Master_status_max6	0.00129270389991155	0.00101328445161048	0.00040590988958855
mcuentas_saldo_min6	0.00127300034383262	0.00332641135019691	0.00159512686367091
cproductos_avg6_delta1	0.00126651688681102	0.00168395565523211	0.000574609999798035
mv_msaldopesos_lag1	0.00122854866229033	0.000416570167623755	0.000475211578054888
mv_mpagominimo	0.00122207209359903	0.00107888877606209	0.000685492701344176
mcomisiones_mantenimiento_ratioavg6	0.0012186774251978	0.00160410301059885	0.00151909301118212
mprestamos_personales_tend6	0.00119553153068313	0.0012955923239009	0.000458975182471346
mcuentas_saldo_min6_delta1	0.00116790227781603	0.00101300542470749	0.000899337911468875
ctrx_quarter_ratiomax6_delta1	0.00115696697672833	0.00172667962667758	0.00198638439626943
mcuenta_corriente_ratioavg6_lag1	0.00114474573422013	0.000782513402609561	0.00196301982701507
mv_msaldototal_lag1	0.0011429638088063	0.000302331480736368	0.00041422609220451
mcuentas_saldo_tend6	0.00113953383921497	0.000762151839515965	0.00122921394856864
mprestamos_personales_ratiomax6_lag1	0.00112674537265724	0.000588001867056262	0.000489863935044914
mprestamos_personales_ratioavg6_lag1	0.00111461794460362	0.000459262990793395	0.000451450999152143
mcuenta_corriente_min6	0.0010920752438498	0.000819162574732481	0.00168898115033675
mprestamos_personales_avg6_lag1_lag2	0.00109153325999234	0.000342070557299319	0.000415018111501269
mvr_mpagospesos	0.0010848601481853	0.00110134646437455	0.00115674418291527
mcuenta_corriente_min6_lag1_lag2	0.00108430097818276	0.00162867923008809	0.0017523426940774
mcuenta_corriente_ratioavg6_lag1_lag2	0.00107172094401696	0.000948383604901525	0.00211271147410236
cliente_antiguedad_ratioavg6_delta1_delta2	0.00107124939639038	0.00112827460855131	0.00211825560917966
mpasivos_margen_ratioavg6	0.00106412527112768	0.000792857961308317	0.00186837352105247
mtarjeta_visa_consumo_ratiomax6	0.0010640908455188	0.000543861225601515	0.000849440695773112
ctrx_quarter_ratiomax6_lag1	0.00104992987978059	0.000581038158645168	0.00154998176375569
cproductos_min6_delta1	0.00104769732684781	0.000511972682701218	0.000247506030236921
mvr_msaldopesos	0.00104457809232455	0.00189621507590288	0.0011278354785836
Visa_fechaalta_tend6	0.00104455415256448	0.000960107708904331	0.00115714019256365
mcuentas_saldo_lag1	0.00104454417584305	0.00134460448635917	0.0013757375184689
thomebanking_ratioavg6	0.00104194680030851	0.000755885202838711	0.00104229739453372
mrentabilidad_avg6	0.00103140862663902	0.000659456249199822	0.000976163783254415
cliente_edad_min6_lag1_lag2	0.00102542215852642	0.00144779743543184	0.00181372418957616
mcuentas_saldo_avg6_delta2	0.00102462273460092	0.000810351674837016	0.0013076238589477
chomebanking_trx	0.00100809563833244	0.00203753187540173	0.00204420180493278
Visa_Finiciomora	0.001000800557186	0.00185613109982507	0.000399969744862864
mactivos_margen_avg6	0.000995316347334411	0.0010435586426058	0.00117694067498261
ctrx_quarter_ratiomax6_lag1_lag2	0.000994029342093108	0.000662238356220787	0.0018299605851597
mcuenta_corriente_ratiomax6	0.000989733081000332	0.000864753464987444	0.00191747871745147
mrentabilidad_avg6_lag1_lag2	0.000984951224386561	0.000468303621469856	0.00107081008921701
Visa_fechaalta_ratioavg6	0.000978687791311074	0.000837156537258153	0.00180223990977316
ctrx_quarter_ratioavg6_lag1_lag2	0.000965316076976482	0.000775440418992725	0.00191114256307741
mrentabilidad_annual	0.000964934917961251	0.000793762745994015	0.00191470664991282
mcomisiones_mantenimiento	0.000957106118462405	0.00198025484616682	0.000923890509668377
mv_Fvencimiento	0.000950041038504469	0.00098336490856814	0.00226992730450885
cprestamos_personales	0.000947571468317749	0.000659515972043224	0.000211073142586046
mrentabilidad_annual_ratioavg6_lag1_lag2	0.000943400075599208	0.000928358813228063	0.00192658693936419
mactivos_margen_tend6	0.000942667971697265	0.00195701613349081	0.00149176834544397
mrentabilidad_max6_lag1_lag2	0.000934607666879588	0.000753599301492681	0.00146483968935419
Master_mfinanciacion_limite	0.000934298370193949	0.00134588540173684	0.00224973081244151
cliente_edad_avg6_lag1_lag2	0.000929197038882719	0.00124483318254563	0.0016727447547532
cproductos_avg6	0.000926270682700756	0.00143594958617984	0.00172264197044897
mactivos_margen_ratioavg6_lag2	0.000925459467236171	0.00117371308478349	0.00220062561604251
mpayroll_min6_delta2	0.000925198517692487	0.00503635468345095	0.000897753872875359
chomebanking_trx_delta1	0.000923296485817805	0.00164943301802875	0.00138484574038162
Visa_Fvencimiento_max6_lag2	0.000919620362048448	0.000840509054145629	0.00198282030943402
mcuenta_corriente_min6_lag2	0.000918226623158931	0.00103985925918194	0.00142207064732925
cliente_antiguedad_ratioavg6	0.000916276683700083	0.0011976048561445	0.0019416353060026
mv_fechaalta_lag2	0.000913747690114009	0.000995127207456473	0.00161651138468338
ccaja_ahorro_max6_delta2	0.000912708514385782	0.0022610300054823	0.000252654155665849
mrentabilidad_annual_delta1	0.000912155257532003	0.00129470335075226	0.00190401438940658
mcuenta_corriente_ratioavg6_delta1	0.000907909917541016	0.00167994449889548	0.00221369393443902
chomebanking_trx_tend6_delta2	0.000907711137205849	0.00151369137177395	0.00149652046122452
mcuenta_corriente_avg6	0.00090510340912227	0.000823074162850857	0.00143909906220955
mactivos_margen_ratioavg6_lag1	0.00090421882077557	0.00097643498996945	0.00217686503713976
mrentabilidad_ratiomax6	0.000901923540155204	0.00132252327164857	0.0017503626458355
Visa_mfinanciacion_limite_lag2	0.000900180738382699	0.00109716463312176	0.00190599443764848
Master_mfinanciacion_limite_lag1	0.000899135240009974	0.00404601272313217	0.00196658391385048
mcuenta_debitos_automaticos	0.000897187131274901	0.00221506449183156	0.000839144444915256
Visa_Fvencimiento_max6_lag1	0.000894334727804015	0.000859684375135431	0.00197688016470833
ccallcenter_trx_ratioavg6	0.00088929010625555	0.00064407454025538	0.00074766621613969
Master_Fvencimiento	0.000885586442577564	0.00225726635094878	0.00210677132937667
mv_fechaalta_lag1_lag2	0.000885054399158576	0.00101592608239451	0.00166759662932428
mvr_msaldopesos2	0.000883739200955361	0.0014103104967802	0.00193886323846394
cliente_edad	0.000880462660882411	0.00129613320206675	0.00220537773182306
Visa_Fvencimiento_ratioavg6_lag2	0.000880275810087263	0.000755549652328493	0.00200222478220459
mcaja_ahorro_ratioavg6_lag1	0.000878875393301159	0.00060691255582172	0.00158245455492278
mpasivos_margen_min6	0.000877848887590639	0.00152134056081116	0.00123436207399757
Master_mfinanciacion_limite_min6_lag1_lag2	0.000877010767386253	0.00106834706678955	0.0019151026595612
mrentabilidad_avg6_lag1	0.000876550939145843	0.000619011068430596	0.000943690992087331
mactivos_margen_delta1	0.000875396031514816	0.00187928410010307	0.00147315589197015
mrentabilidad_annual_ratiomax6_lag2	0.000873397377832472	0.00120429388243388	0.00148464017177315
Master_Fvencimiento_max6_lag1_lag2	0.000870754201401327	0.000819777103158557	0.00196579189455372
mv_Finiciomora	0.000868767525018836	0.00160879593961297	0.000392841571192041
Master_fultimo_cierre_avg6	0.000864886924161382	0.000837595981926705	0.00181570423781805
Visa_fultimo_cierre_avg6	0.00086352204643681	0.00113059986540093	0.00170561355556867
mpayroll_min6	0.000863399125295759	0.00392093339622303	0.000553225478785565
mcomisiones_avg6_lag1_lag2	0.000861902765400479	0.00275406246018092	0.00156186205320706
mcaja_ahorro_ratioavg6_delta1	0.00085991426797288	0.000878977777708983	0.00188421390698763
Visa_mpagominimo_avg6	0.000858787972895342	0.000876176795571442	0.0012735670291871
Master_Fvencimiento_max6_lag2	0.000856927154554994	0.000880567368505751	0.00186876953070085
mcomisiones_otras_min6_lag1_lag2	0.000856531230044733	0.000695838449021059	0.00156265407250382
mcomisiones_otras_ratiomax6	0.000856235882390511	0.000858075246011763	0.00155988200496517
mactivos_margen_lag1	0.000855742516867679	0.000674819629422558	0.00140306218420706
ctrx_quarter_avg6_lag1_delta2	0.000854721643650549	0.000686375262929886	0.00135989713253374
mcuenta_corriente_ratioavg6_lag2	0.00085414679684259	0.000712662632885603	0.00185649323160109
mcomisiones_ratiomax6	0.000854110331953122	0.000914810439947739	0.00159354282507739
cliente_edad_min6	0.000848776868788471	0.00137776903838803	0.00176659904141905
mv_fechaalta_lag1	0.000848751394002643	0.000780103326434922	0.00153612142606242
thomebanking_avg6	0.0008480230395612	0.000740815975236255	0.00110249086108734
cliente_antiguedad_ratioavg6_lag2	0.00084732675787406	0.000943102736166172	0.00179154764926693
thomebanking	0.000843495899015398	0.000731736780386698	0.000698165010092306
mprestamos_personales_min6_lag2	0.000840174774214153	0.000234780765869691	0.000212261171531183
Master_fechaalta_ratioavg6	0.000840049043081198	0.000716007813008861	0.00177966735981555
Visa_cconsumos_ratioavg6	0.00083950863853863	0.0008452705349906	0.00120505736001752
cproductos_tend6	0.000838497850113773	0.000530147679036136	0.000614606974284322
Master_Fvencimiento_avg6_lag2	0.000835493916653687	0.000976503462667252	0.00187866977191032
cprestamos_personales_avg6_lag1_delta2	0.000830095109331966	0.00563435965763116	0.000608666829558635
mcomisiones_max6	0.000828579347563846	0.00185858031294536	0.00161769941362851
cliente_edad_min6_lag2	0.000828575878325347	0.00154514131409157	0.0016596764363567
mv_Fvencimiento_lag1	0.000828446844156809	0.000726593497647831	0.00191391463061606
mcomisiones_otras_max6_lag2	0.000828381754664395	0.000977551971813182	0.00159354282507739
mactivos_margen_ratiomax6	0.000825836729173137	0.00269241101999513	0.00171036567134922
cproductos_min6_delta2	0.000824706779589707	0.000351129433796196	0.000236813769730686
mcomisiones	0.000823947117686225	0.00096510682253059	0.00186045332808489
mtransferencias_recibidas_avg6_delta2	0.000823761951481898	0.00141265106022266	0.00114050778733173
mrentabilidad_annual_ratioavg6_delta1	0.000821857481153035	0.000776276614165167	0.00187827376226194
Master_Fvencimiento_ratioavg6_lag2	0.000818715301757213	0.000749056740346764	0.00182204039219212
mcuenta_debitos_automaticos_ratiomax6	0.00081615148938394	0.00253213246830405	0.00122168976524944
mcuentas_saldo_ratioavg6_delta1	0.000815516860487496	0.000946277312969839	0.00194044727705746
ctrx_quarter_ratioavg6_lag1	0.00081208872745424	0.000577847676098426	0.00158720667070333
mcaja_ahorro_ratiomax6_lag1	0.000811008084935468	0.000571310649325372	0.00152820123309484
mcaja_ahorro_dolares_ratioavg6	0.000809702556277975	0.00157131785255822	0.00178560750454124
mprestamos_personales_avg6_lag2	0.000807840622700449	0.000322305333334992	0.000337004210770591
mrentabilidad_annual_ratioavg6	0.000807193084661383	0.000650830207877692	0.00182204039219212
mpasivos_margen_max6_lag1_lag2	0.000804959692587089	0.00126391910202999	0.00136148117112725
ctrx_quarter_avg6_delta1_lag2	0.000802842961418371	0.00127941844790581	0.00142999084029683
ctrx_quarter_delta1	0.000800170635139144	0.00104227048466992	0.0015650301303941
Master_mlimitecompra	0.000799735470183757	0.000878574632500995	0.00193490314198015
chomebanking_trx_ratioavg6	0.000798731956369138	0.000757286257259433	0.00180540798696019
chomebanking_trx_max6_lag1_lag2	0.000798090280820086	0.000748023556634875	0.00148939228755369
mcomisiones_mantenimiento_tend6	0.000794516602195956	0.0019090415183669	0.00133534453433423
Master_fechaalta_ratioavg6_lag1_lag2	0.000794407742696988	0.00122768486217129	0.00175273870372578
cprestamos_personales_avg6_lag2	0.000792895440847311	0.000963937138075474	0.000344132384441415
mrentabilidad_annual_tend6_lag1_lag2	0.000792172298397418	0.000757522036066404	0.0015119648375113
mcuenta_corriente_ratioavg6_delta2	0.0007887578733557	0.000771792769742443	0.00186837352105247
mpasivos_margen_ratiomax6	0.000787032295422283	0.000515856114526712	0.00157136628476816
mrentabilidad_ratioavg6_lag1_lag2	0.000786912495587958	0.000876592164951554	0.00181134813168588
mpasivos_margen_ratiomax6_lag1	0.000785787068032238	0.000646704127742829	0.00187391765612977
mcuentas_saldo_avg6_delta1_lag2	0.000785182769041313	0.000614662888201712	0.00118802894513722
mrentabilidad_annual_ratioavg6_lag2	0.000780465278790684	0.000609480758671714	0.00162522359694772
ctrx_quarter_ratioavg6_lag2	0.000779573400276997	0.000687496284327415	0.00171670182572328
Master_Fvencimiento_avg6_lag1	0.000779237033296628	0.000795423021445748	0.00173808634673575
mcaja_ahorro_ratioavg6_delta2	0.000777030544768404	0.000720543338849798	0.00171234571959111
ccomisiones_otras_ratioavg6	0.000776852559933561	0.000759462295554204	0.00185886928949137
mrentabilidad_avg6_lag2	0.000776544121868097	0.000415920666157763	0.000912010220217005
mtransferencias_emitidas_max6	0.00077628273322298	0.00138790706736244	0.00122446183278809
mrentabilidad_ratioavg6	0.000775842078597631	0.000631011844186085	0.00171590980642652
ctarjeta_visa_trx_tend6	0.000773322743395026	0.000536513676678425	0.000646287746154647
mcuentas_saldo_lag2	0.000771188756832675	0.000971956767761526	0.00130841587824446
mcuenta_corriente_delta2	0.000770613021017499	0.00326046094300293	0.00106209787695267
ccallcenter_trx_tend6	0.000768122537853513	0.00269334494825272	0.00110011480319707
mcuenta_corriente_avg6_lag1_lag2	0.000767894145789915	0.000586781526144344	0.00129851563703498
Visa_fechaalta_ratioavg6_lag1_lag2	0.000766567262066227	0.00092080454240036	0.00150840075067589
Master_fechaalta_ratioavg6_lag2	0.000766434039384208	0.000940167548143858	0.00166878465826941
Master_fechaalta_ratioavg6_delta2	0.000762801208218323	0.000744374788217169	0.001676704851237
mcuentas_saldo_ratiomax6_delta1	0.000761429771140098	0.000826286738591546	0.00187312563683302
mrentabilidad_annual_ratiomax6_lag1_lag2	0.000757441287027883	0.000611181312845961	0.00145256339025444
Visa_msaldopesos_ratioavg6	0.000756064495065372	0.000857427346047976	0.00124584635380056
Visa_mpagominimo	0.000752569108267772	0.000708348935825372	0.0010181408059826
Master_Fvencimiento_avg6_delta2	0.00074530199182151	0.00133635402179766	0.00147671997880556
mrentabilidad_annual_ratiomax6_lag1	0.000744584814379675	0.000501650040089107	0.00135752107464346
mactivos_margen_max6_lag1_lag2	0.000743585687431154	0.000584925596110294	0.0012545585660649
mtarjeta_visa_debitos_automaticos_ratioavg6	0.000743236543024047	0.00184150870641075	0.00129336751160605
mrentabilidad_annual_ratioavg6_lag1	0.00074301360938187	0.000602398753887163	0.00169888139154622
mtarjeta_visa_debitos_automaticos_avg6_delta2	0.000742451820979269	0.000758545915992542	0.000820531991441439
mcomisiones_ratiomax6_lag1	0.000741913083526579	0.000723243411275466	0.0017959037553991
Visa_fechaalta_ratioavg6_delta2	0.000741525335620881	0.000740899279728595	0.00155116979270083
mcuenta_corriente_ratiomax6_lag2	0.000741239854471034	0.00103756563671116	0.00158245455492278
mcomisiones_otras_min6	0.000738818582220367	0.000729843085046537	0.00141494247365843
mcuenta_corriente_ratiomax6_lag1_lag2	0.000738738682460391	0.00064760901040278	0.00153968551289784
ctransferencias_recibidas_avg6	0.000738470476150171	0.0021649266391258	0.00145850353498013
mrentabilidad_annual_lag1_lag2	0.000735573507178335	0.000657690229383678	0.00157889046808736
mpasivos_margen_ratiomax6_lag1_lag2	0.00073479931337771	0.000710172832047082	0.00174125442392278
ctransferencias_recibidas_ratioavg6	0.000732608580664116	0.000644546885431583	0.00183867279742404
mcaja_ahorro_dolares	0.00073046239324097	0.00106845761942881	0.000836768387024982
cliente_edad_min6_lag1	0.00072701129395007	0.00139335674573492	0.00147355190161853
mrentabilidad_max6_lag2	0.000726755168291334	0.000488186139455673	0.00110169884179058
mcuenta_corriente_ratioavg6_lag1_delta2	0.000726660237796783	0.000665828095151339	0.00171947389326194
mcuentas_saldo_ratioavg6_lag1_lag2	0.000725300983493553	0.000652211916151779	0.0019055984280001
mcuenta_corriente_ratioavg6_delta1_lag2	0.000724894812327883	0.000590752253028848	0.00166126047495021
mcomisiones_otras_ratioavg6_lag1_lag2	0.000724665480332439	0.000686904078957955	0.00172937413447141
mrentabilidad_annual_min6_lag1_lag2	0.0007241751563228	0.000637351125003355	0.00147592795950881
mrentabilidad_annual_max6_lag1_lag2	0.000723428029198483	0.00081250085311363	0.00151671695329185
mrentabilidad_annual_avg6_delta1_lag2	0.000723013562175883	0.000951295230116104	0.00136346121936915
mvr_mpagominimo	0.000718746498449537	0.00148387861689864	0.00123634212223947
mrentabilidad_annual_avg6_lag1_lag2	0.00071856919713105	0.000742782167755054	0.00147473993056367
Visa_Fvencimiento_ratioavg6_delta1_lag2	0.000715875186339296	0.000672685550485556	0.00175551077126443
mcuentas_saldo_lag1_lag2	0.000715081287678398	0.000835951804398312	0.00138603376932676
mtarjeta_visa_debitos_automaticos_ratiomax6	0.000714900203025577	0.000600298389397755	0.00109536268741652
mcaja_ahorro_dolares_ratioavg6_delta1	0.000713631989781605	0.000873320925243038	0.00146444367970581
cliente_edad_max6_lag1_lag2	0.000713269938415761	0.00109693170310459	0.00141652651225194
mcaja_ahorro_ratiomax6_lag2	0.000713185193814543	0.000575418453493897	0.00156344609180058
Visa_mpagospesos_max6_lag2	0.000708889010627195	0.000916890146942824	0.00130999991683797
mcomisiones_otras_ratioavg6	0.000708475767814367	0.000520429906849745	0.00144305915869334
mcuentas_saldo_tend6_delta1_delta2	0.000707767702116007	0.000718550704587535	0.00132029616769583
ccomisiones_otras_avg6_lag1_lag2	0.000706015132735372	0.00176958151936565	0.00154562565762352
mcaja_ahorro_ratiomax6_delta1	0.000701675919635997	0.000831179090428464	0.00165611234952128
mtransferencias_recibidas_ratioavg6_lag2	0.000701026791262783	0.000647042353703789	0.00175432274231929
mcaja_ahorro_ratioavg6_delta1_delta2	0.000700420504465082	0.00103356299659801	0.00167076470651131
Visa_msaldototal_ratioavg6	0.00069866747159936	0.00120045379291041	0.0013076238589477
chomebanking_trx_avg6_lag1_lag2	0.00069606399199744	0.000608668582264106	0.00131158395543149
Master_Fvencimiento_tend6	0.000694475602226608	0.000453412032491972	0.00103952532699507
mcuentas_saldo_ratioavg6_delta2	0.000693943913061616	0.000705023565342329	0.00168858514068837
cliente_edad_avg6	0.000692937957752997	0.00102102315896858	0.00143078285959359
cliente_edad_ratioavg6_delta1_lag2	0.000690663771555837	0.00141296645818278	0.00139751804912975
Master_fechaalta_avg6_delta2	0.000689055029976808	0.000980041772651703	0.00129851563703498
ctrx_quarter_ratioavg6_delta1	0.000688803891482637	0.000944112643456602	0.00170086143978812
ccaja_seguridad	0.000688711727842455	0.00237830645943441	0.000375021137014982
mcuenta_corriente_avg6_delta1_lag2	0.000686258540928701	0.00157078184295907	0.00103635724980803
mcomisiones_ratioavg6_lag2	0.00068578284001581	0.00152716887575553	0.00167828888983051
mrentabilidad_min6	0.000685264895713933	0.000756914497726422	0.00134682881413723
mprestamos_personales_avg6_delta2	0.000683884843035313	0.000498500672814266	0.000400365754511243
mcuenta_corriente_ratioavg6_delta1_delta2	0.000683704865102038	0.000751197677481443	0.00171986990291031
Visa_Fvencimiento_ratioavg6_delta1	0.000682382506365467	0.000604337121718241	0.00171313773888787
mcaja_ahorro_ratiomax6_lag1_lag2	0.000681708533298516	0.000754049353758191	0.00163037172237664
Master_fultimo_cierre_avg6_lag1	0.000681268478803248	0.0010610262648374	0.00154047753219459
mtransferencias_recibidas_ratioavg6	0.00067962939860257	0.000609378515002711	0.00170482153627191
ctrx_quarter_ratiomax6_delta1_lag2	0.000679080278938379	0.00076096973494022	0.00173254221165844
mcaja_ahorro_dolares_avg6_delta2	0.000678583415166533	0.000582860596557812	0.000753210351216997
mvr_msaldopesos2_lag1_lag2	0.000678353136938316	0.00159645310559595	0.00156384210144896
mactivos_margen_ratioavg6_lag1_lag2	0.000678197258092778	0.000633926981400793	0.00168026893807241
ctrx_quarter_ratioavg6_delta1_lag2	0.000677425488355732	0.000572328696015244	0.00167789288018213
mtransferencias_recibidas_ratioavg6_lag1_lag2	0.000677268141544658	0.000754682504828731	0.00169294124682054
mcaja_ahorro_ratioavg6_lag2	0.000676384476062976	0.000554351166786314	0.00149850050946641
mcuenta_corriente_delta1	0.000675887957301961	0.00200761109260827	0.00117733668463098
chomebanking_trx_ratiomax6	0.000675851738174605	0.000464402414854008	0.00150800474102751
mcaja_ahorro_max6_lag1_lag2	0.000674940810816618	0.00112661462702233	0.00142484271486791
mcuenta_corriente_avg6_lag1_delta2	0.000674733718207156	0.00080982201849132	0.00113852773908984
mactivos_margen_tend6_delta1_delta2	0.000674621818177039	0.00126169127680627	0.00137890559565593
mtransferencias_emitidas_avg6	0.000672677895778913	0.00157578648836236	0.00113417163295767
mcuentas_saldo_ratiomax6_lag2	0.000672603410383983	0.00116020904108419	0.00162957970307989
mcuenta_corriente_avg6_lag2	0.000672421792866404	0.000526125289574621	0.00114169581627687
mvr_Master_mlimitecompra	0.000671233820484714	0.000873695062535793	0.00180540798696019
ctrx_quarter_max6_lag1_lag2	0.000670361113902988	0.00139139270864967	0.00125257851782301
mcaja_ahorro_min6_delta1	0.00066983103139191	0.00356099771254012	0.000809047711638446
Visa_mpagominimo_min6	0.000669788041289554	0.00114220842007759	0.000967847580638455
ccallcenter_trx	0.000669101843576084	0.00149512675821438	0.000605894762019982
mcaja_ahorro_ratioavg6_lag1_lag2	0.000666536708506662	0.00076713263572524	0.001616115375035
Visa_Fvencimiento_tend6	0.000666460598505544	0.000536107724131278	0.00101022061301502
mcuenta_corriente_ratiomax6_lag1	0.000665246218561362	0.000555395142738944	0.00150840075067589
mcuentas_saldo_delta1	0.000664928294985654	0.00119930738110852	0.00146127560251878
Master_fechaalta_tend6	0.000663266537546215	0.000389971488248842	0.000851420744015007
mrentabilidad_annual_ratioavg6_delta1_lag2	0.000663142829100676	0.000745730838541813	0.00167868489947889
chomebanking_trx_max6_lag2	0.000661345685131787	0.000642923252350299	0.00133336448609234
mactivos_margen_ratioavg6_delta1	0.000659785517927044	0.000702289714408979	0.00165254826268587
mcomisiones_mantenimiento_ratioavg6_delta1_lag2	0.000659550807162874	0.000871998178627776	0.00139593401053623
mrentabilidad_annual_min6	0.000658475352489941	0.000778008041533684	0.00115040802854121
Master_fechaalta_ratioavg6_delta1_lag2	0.00065608829637166	0.00080474490982356	0.00160581912417714
ccomisiones_otras_ratioavg6_lag1	0.000655546010945413	0.000613956576742211	0.00166561658108238
ctrx_quarter_tend6_delta1_lag2	0.000654179676439147	0.000769973538602449	0.0014097943482295
mtransferencias_recibidas_max6_lag1	0.000654048199356642	0.0010588366797181	0.00124069822837164
Visa_fultimo_cierre	0.000652424668817377	0.00086155342995108	0.00154087354184297
Visa_fechaalta_ratioavg6_lag1_delta2	0.000651509635133557	0.000632376606682724	0.00147315589197015
mv_mfinanciacion_limite	0.000651310594027547	0.000599774705713223	0.00142919882100007
Visa_mpagominimo_max6_lag1_lag2	0.000650989631885811	0.000778495489817739	0.00131277198437663
mtransferencias_recibidas_max6_lag2	0.000650878929967897	0.0018225119058138	0.00124386630555867
mactivos_margen_ratioavg6_delta2	0.000648958378249679	0.000618889938340296	0.00166007244600507
mtransferencias_recibidas_ratioavg6_delta1_delta2	0.000647931031702897	0.00162339127329239	0.00164423206006991
mactivos_margen_avg6_delta1_lag2	0.000646734520492008	0.000838680526756366	0.0013757375184689
chomebanking_trx_ratioavg6_lag2	0.000646683101722546	0.000710916415173193	0.00166601259073076
mcomisiones_mantenimiento_max6	0.000646279042033128	0.000788616595624141	0.000843500551047426
cliente_antiguedad_ratioavg6_delta1	0.000645614571624215	0.000582288136768478	0.00140543824209733
mcomisiones_mantenimiento_avg6_delta2	0.000645121390342747	0.000833731982917378	0.000912010220217005
mrentabilidad_annual_delta1_delta2	0.000643777237000534	0.00109807617426264	0.00114842798029931
ctrx_quarter_ratiomax6_delta1_delta2	0.000642370387487178	0.000955756732641009	0.00152820123309484
mcaja_ahorro_dolares_ratioavg6_lag2	0.000641278501828202	0.000858938244678754	0.00146483968935419
mcomisiones_ratioavg6	0.000641222404685317	0.000485247970755137	0.00138207367284297
Visa_msaldototal_ratiomax6	0.000639230446724388	0.00229148126986612	0.0012981196273866
ccaja_ahorro_avg6_delta2	0.000639085091380268	0.00114298013688714	0.000329480027451389
ctrx_quarter_avg6_delta1	0.000638420603351553	0.000834783819419654	0.00119872120564345
mactivos_margen_max6_lag2	0.000637694192188161	0.000534732482157858	0.00103833729804993
ctrx_quarter_ratiomax6_delta2	0.000637106428487524	0.000546582170311214	0.00145058334201255
mpasivos_margen_min6_lag1_lag2	0.000636860588990642	0.00098614376736581	0.00119951322494021
mrentabilidad_min6_lag2	0.000636406936092399	0.000690265556721298	0.00134524477554371
mcaja_ahorro_ratiomax6_delta2	0.000635366523134012	0.000551331336546289	0.00154879373481056
Visa_fultimo_cierre_tend6_delta1	0.000634762815884228	0.00328948379930837	0.0010521976357432
mactivos_margen_max6	0.00063248001026114	0.00074793638215956	0.00110803499616465
cliente_edad_max6	0.000631397382775805	0.00100651851176461	0.00138722179827189
ccallcenter_trx_ratiomax6	0.000629973687431844	0.000502421218040269	0.00051718860078307
mvr_mconsumospesos	0.000629713885926734	0.000691206471296739	0.00118802894513722
cproductos_ratioavg6_delta1	0.000629464916407242	0.000965819423183456	0.000636387504945171
mcomisiones_otras_min6_lag2	0.000629274460991237	0.000688264801900796	0.00125416255641652
mrentabilidad_annual_tend6_delta1	0.000627584682762348	0.000748261309999858	0.00135435299745643
mpasivos_margen_ratioavg6_lag2	0.000627548185176924	0.00056748060593103	0.0015309733006335
mcomisiones_tend6_lag1_lag2	0.000627346807632378	0.000549607611461317	0.00143197088853873
mcuentas_saldo_ratiomax6_delta2	0.000626979397732691	0.000523642716221344	0.00155512988918462
Master_mlimitecompra_ratioavg6	0.000624067412361098	0.00370744976842561	0.000492636002583567
mactivos_margen_ratiomax6_lag1	0.000621692616090512	0.000648079965098244	0.00143949507185793
mrentabilidad_annual_tend6_delta1_delta2	0.000621511394308407	0.000603686900518317	0.00149018430685045
Visa_cconsumos_delta2	0.000620885342320648	0.00250113664041519	0.000890229689556156
mcomisiones_otras_ratioavg6_lag2	0.000620395457201472	0.00111110033253652	0.00154483363832676
ctarjeta_visa_trx_avg6_delta1	0.000620259303931697	0.000430009405123233	0.000546097305114742
cliente_edad_avg6_lag2	0.000618566834862434	0.00117267476119158	0.00120980947579807
mrentabilidad_annual_ratioavg6_delta2	0.000618407772628296	0.000594805138860585	0.0015705742654714
mrentabilidad_annual_tend6_delta2	0.000617494610124055	0.000625705257209441	0.00135910511323698
Visa_mpagospesos_max6_lag1_lag2	0.000617149787498246	0.000585884971295858	0.00122525385208485
mvr_msaldopesos_delta2	0.000616352244279209	0.00369322453248516	0.001214957601227
mprestamos_personales_ratiomax6_lag1_lag2	0.000615718964759179	0.000888154931738114	0.000579362115578584
ccomisiones_otras_avg6	0.000615238829581819	0.00161961329190855	0.00125099447922949
mcuentas_saldo_ratioavg6_delta1_lag2	0.000615098771580185	0.000534066735807148	0.00164027196358612
ccomisiones_mantenimiento_ratioavg6_delta1	0.00061507734965576	0.00286276399652952	0.000688660778531208
mcaja_ahorro_avg6_delta1	0.000613510965888145	0.000552276614744209	0.000916762335997554
Visa_fultimo_cierre_avg6_lag2	0.000613029583725088	0.000985368538556129	0.0013341565053891
mpayroll_min6_lag1_lag2	0.000612969283598226	0.00323202057000651	0.000661732122441431
Visa_mpagominimo_avg6_lag1_delta2	0.00061174071109144	0.00063111284810397	0.0010236849410599
mvr_msaldopesos2_lag1_delta2	0.000610070199461614	0.000978717025100745	0.00152344911731429
mpasivos_margen_ratiomax6_delta1	0.000608730935540338	0.00104421609129097	0.00146721574724447
mtarjeta_visa_debitos_automaticos_max6_lag1_lag2	0.000607901683783131	0.000649897903731752	0.000919930413184587
mcaja_ahorro_dolares_ratiomax6_delta1	0.000607592353778168	0.000850375027461944	0.000943690992087331
mcuentas_saldo_max6_lag1_lag2	0.000607381997286317	0.000671307482331775	0.00131118794578311
Master_fechaalta_ratioavg6_delta1	0.000606092622024825	0.000577960022420162	0.00127752712567089
mrentabilidad_annual_tend6_lag1_delta2	0.000605980881816036	0.000572836131046816	0.00137613352811728
mactivos_margen_ratiomax6_lag2	0.00060497937157256	0.00252292233463422	0.00137930160530431
chomebanking_trx_max6	0.000604885864081151	0.000802513892900154	0.00123990620907488
ccomisiones_otras_avg6_delta2	0.000604611289998489	0.000901818473752295	0.00124465832485543
cmobile_app_trx_ratioavg6_lag1_lag2	0.000604203313098116	0.000857892053000721	0.00154285359008487
mcaja_ahorro_max6_lag2	0.000603368473718561	0.00100885325704377	0.00125099447922949
cmobile_app_trx_max6_lag1_lag2	0.000602940924587797	0.00068784275519855	0.00139751804912975
mtarjeta_visa_debitos_automaticos_avg6_lag1_delta2	0.000601843392909705	0.00108782451399649	0.000900129930765633
mcuentas_saldo_delta1_lag2	0.000601190204726832	0.00143197085178431	0.00129336751160605
ctransferencias_recibidas_avg6_lag2	0.000601150092867087	0.000903875823776599	0.001203473321424
mcuentas_saldo_min6_lag2	0.000600885700298552	0.000693211559593796	0.00114407187416714
mrentabilidad_avg6_delta2	0.000599771919696691	0.000598516912259153	0.00128663534758361
Visa_mpagospesos_tend6_lag1_lag2	0.000599358968878826	0.00112045109694115	0.00140900232893274
mactivos_margen_tend6_lag2	0.000599201107838079	0.00328504063680989	0.00134405674659857
mcaja_ahorro_min6_lag1	0.000596106674318629	0.00154433787623364	0.00107239412781053
mcaja_ahorro_ratioavg6_delta1_lag2	0.000596070615825075	0.00203774853792473	0.00155948599531679
mtransferencias_recibidas_ratioavg6_delta1	0.000595131979840843	0.000542738828796211	0.00160383907593525
ctrx_quarter_tend6_lag1_lag2	0.000594655632962373	0.00143016052876482	0.00125059846958111
mrentabilidad_max6	0.000592359693875474	0.000563197748150905	0.00113852773908984
cliente_edad_avg6_lag1	0.000590783435226623	0.000875234121227695	0.00117337658814719
mcuentas_saldo_ratioavg6_lag1_delta2	0.000589169471801957	0.000594474110238946	0.0016311637416734
ctrx_quarter_max6_lag1_delta2	0.00058910320801528	0.00100049509616928	0.0010787302821846
chomebanking_trx_tend6_delta1	0.000588376919017717	0.00112827743473167	0.0010692260506235
cmobile_app_trx_ratioavg6	0.000588195878004012	0.000545307318032481	0.00143593098502252
mactivos_margen_tend6_lag1	0.00058806362076106	0.000625699416436694	0.0011884249547856
mrentabilidad_annual_lag2	0.000587642030844091	0.000598784370663857	0.00134286871765344
cliente_edad_lag1_lag2	0.000587567075693728	0.00108138317038576	0.00123911418977812
chomebanking_trx_tend6_lag2	0.000587397315914225	0.000686575081417935	0.00120426534072076
mcaja_ahorro_ratioavg6_lag1_delta2	0.000586940242054841	0.000580448270743605	0.00151038079891778
ccomisiones_otras	0.000586560654228136	0.00362624164247202	0.00131316799402501
Master_fultimo_cierre_tend6_delta1	0.000586397003266397	0.00162659896916165	0.00113139956541901
mrentabilidad_annual_lag1	0.000584377053016211	0.000574343193608784	0.00135039290097264
ccomisiones_otras_tend6_lag1_delta2	0.000583223362658932	0.000574096483136174	0.00144939531306741
mcomisiones_tend6_delta2	0.000581990616312271	0.000743869727177101	0.00131316799402501
mrentabilidad_ratioavg6_lag2	0.000581821327307167	0.000491263096221408	0.00151473690504995
mprestamos_personales_tend6_delta1	0.000580877697773738	0.000484566503305135	0.000334628152880317
mcomisiones_tend6_lag1_delta2	0.000580455515862319	0.00054356359866351	0.00140543824209733
ctrx_quarter_ratioavg6_delta2	0.000578996926218873	0.000491046591964503	0.00143989108150631
mtarjeta_visa_consumo_tend6	0.000578949768881492	0.000389320995735603	0.000616983032174596
mcuenta_corriente_tend6_lag1_delta2	0.000576773016432466	0.000602652198205514	0.00121416558193024
mcomisiones_ratioavg6_delta1	0.000573387208807551	0.000573830211727221	0.00152067704977564
mv_mpagominimo_lag1_lag2	0.000572814839142772	0.00115149225299477	0.000782911074845428
Visa_mpagominimo_tend6_lag1_lag2	0.000571480601807417	0.000526311120354	0.00105457369363347
mcuentas_saldo_delta2	0.000571180112524076	0.000576676977986621	0.00124941044063598
internet_ratioavg6	0.000570948214565375	0.000779201601560495	0.00092270248072324
mrentabilidad_annual_tend6_lag1	0.000570698421862585	0.000618409736382688	0.00117218855920206
cliente_edad_ratioavg6_delta2	0.000570621619336711	0.00107725755374448	0.00134762083343399
mcomisiones_mantenimiento_max6_lag1_lag2	0.000568848006849417	0.00152549061449197	0.000961907435912769
mpasivos_margen_ratioavg6_delta2	0.000568534232373332	0.000558067707009092	0.00135831309394022
mcomisiones_ratiomax6_delta1	0.000567525514636106	0.00118025819066413	0.00136662929655618
mcaja_ahorro_dolares_ratioavg6_lag1_delta2	0.000566091914489231	0.000604640280433274	0.00132623631242152
ctransferencias_recibidas_ratioavg6_delta1_lag2	0.000566032686244865	0.000594791652327899	0.00149612445157614
mcaja_ahorro_dolares_ratioavg6_delta1_delta2	0.000565891753074453	0.000783613864487019	0.00126564683621952
mcuenta_corriente_tend6_lag1_lag2	0.000565007312007245	0.00070326751252226	0.00114248783557363
mactivos_margen_ratiomax6_delta2	0.000564793288280763	0.00058178026838925	0.00135752107464346
mpayroll_sobre_edad_lag1	0.00056370807206824	0.000547788580038069	0.00027324665738156
Visa_mpagado_ratioavg6	0.000563187372843303	0.00348547612148275	0.000908446133381594
mtransferencias_recibidas_ratiomax6_delta1_delta2	0.000562872604668268	0.000535100356634933	0.00152622118485295
mvr_msaldopesos2_lag2	0.000561087917916878	0.000543873039035427	0.00136702530620456
mrentabilidad_lag1	0.000560687022899335	0.000464713452959889	0.00130445578176067
mvr_Master_mlimitecompra_lag1	0.000559554773588042	0.000790316290639558	0.00128782337652875
mtransferencias_recibidas_avg6_lag1_delta2	0.000559093039075423	0.00113036491560687	0.00101655676738908
mactivos_margen_tend6_delta2	0.000558020078554749	0.00059750315759519	0.00117179254955368
ctrx_quarter_delta1_lag2	0.000557069485839693	0.00051151756215226	0.00130643583000256
mrentabilidad_tend6_delta2	0.000556932176540147	0.000580721196865249	0.00124584635380056
mrentabilidad_ratiomax6_lag2	0.000555777481161486	0.000431042132878024	0.00137454948952376
mtarjeta_visa_debitos_automaticos_ratiomax6_lag1_lag2	0.00055512052687464	0.000652661373035293	0.00118446485830181
chomebanking_trx_ratiomax6_lag1_lag2	0.000554543671656155	0.000518466887189433	0.00134484876589533
mprestamos_personales_tend6_delta2	0.000554338807330142	0.000725915677854616	0.000367892963344159
mrentabilidad_annual_ratiomax6_delta1	0.000553268378504166	0.000619021480079048	0.00127198299059358
cliente_edad_ratioavg6	0.000553087241588187	0.00252174989182707	0.00121931370735917
ctarjeta_debito_trx_ratioavg6	0.00055294206147157	0.00264433460962283	0.0010672460023816
Master_mpagominimo_max6_lag1_lag2	0.000552426703810443	0.00143400362911243	0.00100744854547636
Visa_msaldototal_avg6_lag1_delta2	0.000551218246358453	0.000523182376659318	0.000987648063057408
Visa_mfinanciacion_limite_ratioavg6	0.000551139917656575	0.00383984054451403	0.000538969131443919
Visa_fultimo_cierre_tend6_lag1_delta2	0.000550578351883792	0.00103440461803675	0.000921910461426482
mactivos_margen_ratioavg6_lag1_delta2	0.000550109031373297	0.000535733134649665	0.00142444670521953
mrentabilidad_annual_avg6_delta1_delta2	0.000549998932472097	0.000503697076439211	0.00132861237031179
Visa_mpagospesos_avg6_delta1_lag2	0.000549963345951144	0.000659147935531809	0.00119555312845642
cliente_edad_lag2	0.000548948290621802	0.000928156782782851	0.001154368125025
mtransferencias_recibidas_ratiomax6_lag1_lag2	0.000548355862861489	0.000451799790801665	0.00141454646401005
mpayroll_min6_lag2	0.000548224881463922	0.00238507443413014	0.000588470337491303
mcuenta_corriente_ratiomax6_delta1	0.000548126479273371	0.000900745727283584	0.00121020548544645
mplazo_fijo_dolares_ratiomax6	0.000547160477383811	0.00230616982604683	0.000409077966775583
ctrx_quarter_ratioavg6_lag1_delta2	0.000546851528553006	0.000590819214662216	0.00147632396915718
Visa_msaldototal_avg6_lag1_lag2	0.000545725472131584	0.000772359614853458	0.00114011177768335
Visa_fechaalta_ratioavg6_delta1	0.000545295818936176	0.000476221715916115	0.00115793221186041
mprestamos_personales_ratiomax6_lag1_delta2	0.000545011359562574	0.000460559883510708	0.000451450999152143
mrentabilidad_annual_ratiomax6	0.000544604443897774	0.000444284197194271	0.0011959491381048
Visa_mpagospesos_lag1	0.000544116236199894	0.00106082978501042	0.00110486691897761
ccomisiones_otras_tend6_lag1_lag2	0.000544064293522443	0.0006203394598701	0.00130445578176067
Master_fechaalta_ratioavg6_delta1_delta2	0.000542924377834936	0.000795538318299782	0.00147870002704746
mcuenta_corriente_ratiomax6_delta2	0.000542347471161253	0.000664718291805726	0.00121376957228186
mcuenta_corriente_min6_delta1	0.000542136389523529	0.000457928931920205	0.00066212813208981
mtarjeta_visa_debitos_automaticos_ratioavg6_lag1_lag2	0.000541125779065181	0.000654263184235944	0.00126129073008735
mrentabilidad_annual_lag1_delta2	0.00054085738837658	0.000419314019467345	0.00118406884865343
mcaja_ahorro_ratiomax6_lag1_delta2	0.000539938593578432	0.000476944946775382	0.0014097943482295
cpayroll_trx_min6	0.000539530943155901	0.0016845458332882	0.00016672006196759
mcomisiones_ratiomax6_lag1_delta2	0.000538119896831603	0.000690296015409115	0.0013397006404664
ccaja_ahorro_avg6_delta1	0.000537181975629433	0.00111054055664465	0.000253842184610986
mrentabilidad_ratioavg6_delta1	0.000537140079432112	0.000444768137246437	0.00141890257014222
mpasivos_margen_min6_lag2	0.000536937976078462	0.000801805041646568	0.00106288989624943
chomebanking_trx_avg6_lag1_delta2	0.000536580576711258	0.000562197284071123	0.00116743644342151
mpasivos_margen_ratiomax6_delta2	0.000536385122218002	0.000680082678148671	0.00130445578176067
mprestamos_personales_ratioavg6_delta2	0.000535695192884928	0.000765682688384261	0.000485507828912744
cliente_edad_max6_lag2	0.000535325533550187	0.00101476091229149	0.00110763898651627
ccomisiones_otras_avg6_delta1_delta2	0.000534145064300421	0.000524186676807911	0.0011789207232245
mcaja_ahorro_ratiomax6_delta1_lag2	0.000534053614363924	0.000602256808036439	0.00145256339025444
ctrx_quarter_avg6_delta1_delta2	0.000533371757503533	0.00051716499778524	0.00124782640204246
mactivos_margen_lag2	0.000532717698959069	0.000590138406654298	0.00116783245306989
mvr_msaldopesos_lag1	0.000532711136444668	0.00260796996980224	0.00102764503754369
mactivos_margen_lag1_lag2	0.000532383281480475	0.000555707526106677	0.0011373397101447
Visa_msaldototal_min6	0.000532367503826287	0.000629507762302339	0.000860132956279347
ccomisiones_otras_ratioavg6_delta2	0.000530963576754638	0.000449378598317603	0.00138840982721703
mrentabilidad_tend6_lag1_delta2	0.000529938469561883	0.000469370979354678	0.00126881491340655
ctrx_quarter_normalizado_delta2	0.000529191624049461	0.00195211434597973	0.00112308336280305
mcomisiones_tend6_lag1	0.000528505582024367	0.000615209942513715	0.00117456461709233
mprestamos_personales_delta2	0.000527672523227167	0.00228475342693153	0.000403137822049896
mrentabilidad_annual_max6_delta2	0.000526841533348204	0.000546346184251017	0.0010787302821846
cliente_edad_ratioavg6_lag1_delta2	0.000524693381316073	0.000984612595601237	0.00125812265290032
mrentabilidad_tend6_delta1_lag2	0.00052395593342706	0.000493095621713822	0.0012735670291871
mvr_msaldototal_lag1	0.000523890353653033	0.000559518694384444	0.000844292570344184
Visa_fultimo_cierre_avg6_delta2	0.000522798309543219	0.000969766493054213	0.00107081008921701
mactivos_margen_tend6_lag1_delta2	0.00052267416629471	0.000469278144982159	0.00116426836623448
mv_fechaalta_delta2	0.000522559936812776	0.000391308222572773	0.00020077689172819
mcuentas_saldo_tend6_lag2	0.000522281950937783	0.000689460178219519	0.0010692260506235
mcaja_ahorro_tend6_lag1_lag2	0.000521345979239802	0.000689089176102845	0.00119159303197263
ccomisiones_otras_tend6_delta1_delta2	0.00052070567868877	0.000585901348068994	0.00130841587824446
mcomisiones_otras_ratioavg6_lag1_delta2	0.000519419284584178	0.000538427897624493	0.00130445578176067
mv_fultimo_cierre	0.000518142059635771	0.000524862506970152	0.00149850050946641
ctransferencias_recibidas_tend6	0.000518049657215003	0.00110176992039874	0.00126445880727438
mcomisiones_mantenimiento_ratiomax6	0.000517642329948815	0.00111175705395128	0.000507684369221972
ccaja_ahorro_ratioavg6_delta1_delta2	0.000516339557079235	0.00400441707216605	0.000493428021880325
ctrx_quarter_tend6_lag1_delta2	0.000516226852103959	0.000467123314344821	0.0011864449065437
chomebanking_trx_ratioavg6_delta1	0.000515503992096236	0.000491156104569397	0.00140266617455868
mprestamos_personales_ratioavg6_delta1_delta2	0.000515200289183673	0.00151011207463778	0.000574213990149656
mcuenta_corriente_tend6_lag1	0.000515051551078729	0.000841910293210135	0.00104784152961103
ccajas_trx_avg6_lag1	0.000514269987498163	0.00138307515810286	0.00093973089560354
internet_avg6	0.000513600107559054	0.000646526093453007	0.00100150840075068
Visa_cconsumos_min6_delta2	0.000513425462263858	0.000703465126589627	0.000497784128012495
mcaja_ahorro_lag1_lag2	0.000513425125786621	0.000432699163874701	0.000788059200274356
mvr_msaldopesos2_delta2	0.000512981193325194	0.00249905460464748	0.00135712506499508
ctrx_quarter_delta2	0.000512883687643864	0.000801637166533086	0.0010767502339427
mcuentas_saldo_tend6_lag1_delta2	0.000511303718839542	0.000761417594089769	0.00122327380384296
Visa_msaldopesos_avg6_delta1	0.000510699156331964	0.00118019289459306	0.0010692260506235
mrentabilidad_lag1_lag2	0.000510411313483432	0.000423416793034826	0.00113773571979308
chomebanking_trx_ratiomax6_delta1	0.000510196762039864	0.000541740550295908	0.00135831309394022
mrentabilidad_annual_tend6	0.00050896824583787	0.000500739825368874	0.00112070730491278
mrentabilidad_ratiomax6_delta1	0.00050891268753279	0.000576124361751666	0.00120901745650131
ctarjeta_visa_trx_ratioavg6_lag1	0.000508594103367269	0.000825389584592824	0.00111199509264844
mcaja_ahorro_min6_lag2	0.00050825060824334	0.0010683672984727	0.00098289594727686
Master_mpagospesos_tend6	0.000507010765278982	0.00229719532045435	0.000839144444915256
Master_mpagominimo_max6_lag1	0.000506698298659724	0.000829268125242172	0.000847460647531216
mpasivos_margen_max6_lag1_delta2	0.000506145760723917	0.0024148160031745	0.0011298155268255
mcomisiones_mantenimiento_avg6	0.000506116005054254	0.000746332675533946	0.000793207325703283
Visa_cconsumos_lag1	0.000506002537297977	0.00373569724519175	0.00111516316983547
Visa_fechaalta_ratioavg6_delta1_lag2	0.00050595073606341	0.000474521734514422	0.00127831914496765
mpasivos_margen_tend6_lag1_delta2	0.000505468230381775	0.0005656054465658	0.00119278106091777
mv_mpagominimo_lag2	0.00050504463895454	0.00096742016043557	0.000643515678615994
Master_Fvencimiento_avg6_lag1_delta2	0.000504893340729073	0.000782628164373447	0.0011032828803841
mtransferencias_emitidas_ratiomax6	0.000503084713456076	0.000491675311584236	0.00105140561644644
chomebanking_trx_max6_lag1	0.000503011523450315	0.000539688762194556	0.00109457066811976
Visa_fultimo_cierre_avg6_lag1_delta2	0.000502648842466221	0.00053497905320557	0.000963095464857906
Visa_msaldopesos_tend6	0.000502086389392944	0.00125343453435612	0.00106447393484295
ccajas_trx_ratioavg6	0.000501920221076071	0.00102636175337988	0.000715589434620985
Visa_mpagospesos_ratiomax6_lag1	0.000501834186922896	0.000624584235811912	0.00118604889689532
mcuenta_corriente_tend6_lag2	0.000501740795061603	0.000690784379375607	0.00103358518226938
mpasivos_margen_avg6_delta2	0.000501290333638159	0.000591725148661262	0.0010577417708205
Visa_cconsumos_avg6_lag1_delta2	0.000500757620482173	0.000663754948662934	0.00108506643655866
chomebanking_trx_avg6_delta1_delta2	0.000497012382474156	0.000851657371002756	0.00120070125388535
mvr_mpagominimo_lag2	0.000496818997062525	0.000666768380430621	0.000974579744660899
Visa_mpagominimo_ratioavg6	0.00049680016485063	0.000422520509499655	0.0010747701857008
chomebanking_trx_ratioavg6_delta1_lag2	0.000494504150423662	0.000549525102067719	0.00123911418977812
mactivos_margen_tend6_delta1	0.000494116721889988	0.000565791480830165	0.00105140561644644
mcomisiones_mantenimiento_avg6_lag2	0.000494069813878062	0.00208935970859895	0.000915970316700796
Visa_cconsumos_avg6_lag2	0.000493454034604376	0.000663661187303256	0.00101774479633422
Visa_mconsumospesos_tend6_lag1_lag2	0.000493049612688104	0.000556516002102132	0.00122406582313971
mactivos_margen_ratioavg6_delta1_lag2	0.000492721879844563	0.000467227404451661	0.00135316496851129
ccomisiones_otras_avg6_lag1_delta2	0.000492672477373127	0.000509040403760556	0.00117496062674071
Visa_fechaalta_delta2	0.000492002051136643	0.000252414868965795	0.000180184390012478
mtarjeta_visa_debitos_automaticos_avg6_delta1	0.000491011059922593	0.000505613784423997	0.000677968518024973
mcomisiones_mantenimiento_max6_delta2	0.000489889086528185	0.00207202576093021	0.000670444334705771
Master_fultimo_cierre_avg6_delta2	0.000489348570548661	0.00119922148783496	0.00113139956541901
ctransferencias_emitidas_max6	0.00048909909363752	0.000994515550429644	0.000698165010092306
mcuentas_saldo_tend6_lag1	0.000489017823746307	0.000831626188393436	0.0010066565261796
mpayroll_avg6_lag1_lag2	0.000488861733950285	0.00116800673271057	0.000605498752371603
Master_msaldopesos_ratioavg6_lag2	0.000488638219163397	0.00247658853199995	0.000985668014815513
Visa_mpagospesos_tend6	0.000488253575831117	0.000481357982191205	0.00108863052339407
ccomisiones_mantenimiento_avg6_delta2	0.000487796188928108	0.000760201594190887	0.000263742425820463
mcuentas_saldo_lag1_delta2	0.000484489565126633	0.000441617925885728	0.00120228529247887
mcaja_ahorro_dolares_max6_lag1_lag2	0.000482626694977354	0.000460546069141101	0.00088864565096264
mcaja_ahorro_delta2	0.000481710586446783	0.000427406217928603	0.000784495113438944
mpasivos_margen_tend6_delta1	0.000481646775910621	0.000934544259395888	0.00106843403132674
Visa_cconsumos_max6_lag1_lag2	0.000481205621810163	0.00051321071927044	0.00108189835937163
Visa_mpagominimo_tend6_lag2	0.000480990397049397	0.000583818193133868	0.000983687966573618
mtarjeta_visa_debitos_automaticos_tend6	0.000480597983237131	0.00172589659007362	0.000778554968713258
chomebanking_trx_lag1_lag2	0.000480238957049237	0.00136371574726078	0.00112387538209981
mrentabilidad_annual_avg6_delta1	0.000479126512055133	0.000540429059414967	0.00109298662952624
Visa_msaldopesos_lag2	0.000478706026058721	0.000724255357183997	0.000911614210568626
mrentabilidad_avg6_delta1_lag2	0.000477576177236253	0.000443399256062952	0.00116624841447637
mcomisiones_avg6_delta1_lag2	0.000477028230762287	0.00041622611973125	0.00111516316983547
mvr_mpagominimo_delta2	0.000477026574381716	0.000927078007129368	0.000887061612369124
Visa_msaldopesos_ratioavg6_lag1_lag2	0.000475737008565819	0.000541711990801294	0.00123832217048136
mcomisiones_otras_tend6_lag2	0.000474812206704263	0.000501643377839934	0.00111199509264844
mpasivos_margen_tend6_delta1_delta2	0.000473067665563937	0.000455200254781037	0.00106843403132674
Visa_fultimo_cierre_ratioavg6_delta1_delta2	0.000471714830091652	0.000628615054827386	0.00102685301824694
mforex_sell_avg6	0.000471692903400589	0.00314198781268914	0.000818155933551165
mcomisiones_avg6_delta1_delta2	0.000471183695974698	0.000868980277726878	0.00117812870392774
mcuentas_saldo_tend6_delta1	0.000471024849836581	0.000509389290073841	0.00102606099895018
Visa_cconsumos_tend6	0.000470854921849704	0.000455797110159252	0.000995964265673369
Visa_mpagospesos_avg6_delta1	0.000469741437048058	0.000669050694411711	0.0010521976357432
mactivos_margen_avg6_delta1_delta2	0.000469482456592065	0.000432227459299381	0.00110684696721951
mtarjeta_visa_debitos_automaticos_ratiomax6_lag2	0.00046910810742627	0.000560553302491235	0.00113694370049632
Visa_mpagospesos_ratiomax6_lag1_lag2	0.000468837217400849	0.000513936090490301	0.00114367586451876
ctransferencias_recibidas_ratiomax6_lag1_lag2	0.000468476456079111	0.000458136961404265	0.00115555615397014
mcomisiones_otras_min6_lag1_delta2	0.000467034561756805	0.00154985956568173	0.00112189533385791
Visa_fechaalta_max6_delta2	0.000466888231328255	0.000972780260195302	0.000275226705623456
cmobile_app_trx_ratioavg6_delta1_lag2	0.000466692237883619	0.00135616092626997	0.00118525687759857
mcuentas_saldo_tend6_delta2	0.000466331082956284	0.000519360981376883	0.00107714624359108
mcaja_ahorro_dolares_min6	0.000465389281095562	0.00128759586889381	0.000790039248516251
Visa_cconsumos_avg6_lag1_lag2	0.000464948075720804	0.000412076619981789	0.00100942859371826
mvr_msaldopesos_lag2	0.000464671367562165	0.000743369210635053	0.000911614210568626
mvr_Master_mlimitecompra_lag1_lag2	0.000464225304632428	0.000660330767377968	0.00108902653304245
mpasivos_margen_tend6_delta1_lag2	0.000464168227847504	0.000683424252065787	0.00110209485143896
Visa_msaldopesos_ratioavg6_lag1_delta2	0.000463522196770874	0.000664044089523373	0.00115753620221203
Visa_msaldototal_tend6_delta1	0.000462673999964426	0.00102791416294781	0.0010692260506235
mrentabilidad_avg6_delta1	0.000462376348603147	0.000441060893272929	0.00107437417605243
mcomisiones_mantenimiento_ratioavg6_delta1	0.00046180626904605	0.000604162550441423	0.000974579744660899
mpasivos_margen_tend6_delta2	0.000461618902663452	0.000678934012938965	0.00106011782871078
ctarjeta_visa_trx_tend6_lag1	0.000461210544778753	0.0013597852350387	0.000727073714423978
chomebanking_trx_avg6_lag1	0.000461054556463799	0.000557230750652073	0.00101576474809232
cmobile_app_trx_tend6_lag2	0.000459452176031378	0.00386883386158232	0.00111001504440654
Visa_cconsumos_avg6_lag1	0.000458610576135937	0.000669835656586557	0.00101220066125691
Visa_mpagospesos_ratioavg6	0.000456967737426969	0.000657900828807747	0.00102962508578559
Visa_mpagospesos_avg6_delta1_delta2	0.000456606690690837	0.000642402496588621	0.00108704648480056
mrentabilidad_delta2	0.000456513080823859	0.000481811033976138	0.00113139956541901
mcomisiones_mantenimiento_max6_lag2	0.00045566135814996	0.00106038859564652	0.000774990881877846
mcomisiones_ratioavg6_delta1_lag2	0.000455570249380838	0.000422209998947442	0.00119357308021453
mrentabilidad_tend6_delta1	0.00045545272268584	0.000572170373391384	0.00106051383835916
Visa_cconsumos_max6	0.000452570602248525	0.000497399280181409	0.000993984217431474
ccomisiones_otras_avg6_delta1	0.000452278336112421	0.00168437983099023	0.000943294982438952
ctrx_quarter_tend6_delta1	0.000452261910157893	0.000465839911928434	0.00110763898651627
Visa_cconsumos_ratiomax6_lag1_lag2	0.000450802866042686	0.000537153075491684	0.00112862749788036
ccomisiones_otras_tend6_lag2	0.000450114206649124	0.00108329921139198	0.00108071033042649
ctrx_quarter_max6_delta2	0.000450017664948386	0.00128579935647568	0.00092270248072324
ccomisiones_mantenimiento_delta1	0.000449635794750737	0.00070359635556442	0.000257406271446398
ctrx_quarter_min6_delta2	0.000448704990736431	0.00147994564401553	0.000932602721932717
mactivos_margen_ratiomax6_lag1_delta2	0.000448644583760261	0.000611518856755394	0.00116743644342151
mrentabilidad_annual_ratioavg6_delta1_delta2	0.000448167803105885	0.000547565179901082	0.00102883306648883
cextraccion_autoservicio_avg6_lag2	0.000447776762049906	0.000676429719447549	0.000911218200920247
Visa_mconsumosdolares_max6	0.000447289227312517	0.000605718833760569	0.00103714926910479
mv_fultimo_cierre_lag2	0.000446594098039178	0.00105847178591924	0.00112070730491278
cproductos_lag1	0.000446543882599628	0.000706669886999557	0.000695392942553652
mcomisiones_mantenimiento_ratioavg6_delta1_delta2	0.00044587351207127	0.000553462510169879	0.00102210090246639
cmobile_app_trx_delta2	0.000445695714207188	0.00236484164311854	0.000989232101650925
Master_fechaalta_tend6_delta2	0.000445488814740196	0.000346724843007293	0.000744102129304278
chomebanking_trx_ratiomax6_delta2	0.000444943467951105	0.000496035708448763	0.00122802591962351
Visa_mconsumospesos_avg6_delta1_lag2	0.000443812182348792	0.000766095940013222	0.00104744551996265
Visa_msaldototal_ratiomax6_lag1_lag2	0.000443480800017183	0.000440775087305317	0.00112149932420954
mcuenta_debitos_automaticos_avg6_delta2	0.00044321319326224	0.00138446398458322	0.000691432846069862
chomebanking_trx_ratioavg6_delta2	0.000442079848499923	0.000447018289295012	0.00118050476181802
ctarjeta_master_tend6	0.000441867093244959	0.000169155154627594	7.44498138952658e-05
ctarjeta_visa_debitos_automaticos_avg6_delta1	0.000441847255290812	0.000583638063702338	0.000510456436760625
chomebanking_trx_delta1_delta2	0.000441791379677929	0.00043447990620641	0.000932206712284338
mrentabilidad_annual_max6_delta1_delta2	0.000440097573528765	0.000436139186842655	0.00113219158471577
Visa_fechaalta_tend6_delta2	0.000439942470281061	0.000603001551780618	0.000689056788179587
chomebanking_trx_lag1	0.000439714205508214	0.000877165758981272	0.00114882398994769
cliente_edad_ratioavg6_delta1_delta2	0.000439634826612138	0.000524472475239042	0.00110645095757113
mcaja_ahorro_delta1	0.000439607323581097	0.000791230002286959	0.00083320430018957
ccomisiones_mantenimiento_tend6_delta1_delta2	0.000439036815270922	0.00138747951902909	0.000694204913608515
mv_mpagominimo_delta2	0.000437701362806101	0.000803302352002167	0.000641139620725719
mtransferencias_recibidas_avg6_lag2	0.000437175892343619	0.00053691970082214	0.00093577079911975
ccallcenter_trx_avg6_delta1	0.000436381502029493	0.00111610829399143	0.000571837932259382
Visa_mpagospesos_ratioavg6_lag2	0.000432555834351531	0.000894372829992972	0.00103754527875317
mactivos_margen_min6_delta2	0.000432331001248562	0.000648200318931005	0.000854984830850419
mcomisiones_mantenimiento_avg6_lag1	0.000431148858824787	0.00147218428953212	0.000833996319486328
ctarjeta_visa_debitos_automaticos_min6_lag1_lag2	0.000430152178567483	0.00225769062844939	0.00059837057870078
mcaja_ahorro_tend6	0.000429703032485767	0.000543156979137798	0.000973787725364141
chomebanking_trx_min6	0.000428585683510437	0.00172113432920287	0.000899733921117254
thomebanking_tend6_delta1_delta2	0.000428254739562567	0.00114793604763627	0.00087161723608234
mrentabilidad_annual_min6_delta1_delta2	0.000428139685750096	0.000723125292009311	0.00107516619534918
chomebanking_trx_delta2	0.000428134616975066	0.000884675428914628	0.00105417768398509
mvr_mpagominimo_delta1	0.000427855522079327	0.000844035155030918	0.000894189786039947
Visa_mconsumospesos_ratiomax6_lag2	0.000427584362990906	0.000388226427386259	0.00106170186730429
mtarjeta_visa_debitos_automaticos_ratiomax6_lag1	0.000427507194888917	0.000447850226355709	0.000978143831496311
ctarjeta_visa_trx_ratioavg6_lag2	0.000427203714087463	0.000516299497006568	0.00104625749101751
ctransferencias_emitidas_ratioavg6_lag1_delta2	0.000426808731386725	0.000997495105715395	0.00117416860744395
mcuenta_corriente_avg6_delta1_delta2	0.000424912422350962	0.000406230157191261	0.00097418373501252
ctarjeta_visa_debitos_automaticos_ratiomax6	0.000424440019208116	0.00042618075597787	0.000763110592426474
Visa_mconsumospesos_tend6_lag1	0.000422283835752925	0.000414210480360843	0.00104467345242399
ctransferencias_recibidas_tend6_lag1_delta2	0.000422216775296262	0.00062341504876454	0.00113021153647387
Master_msaldopesos_ratioavg6	0.000421799659943264	0.00075872447029955	0.000745686167897795
cpagomiscuentas_ratioavg6	0.000421558398856176	0.000468831672545107	0.000887853631665882
ctarjeta_master_trx_ratioavg6	0.000421034114322456	0.000859365849535712	0.000550057401598533
Visa_fechaalta_tend6_delta1	0.000420213124978081	0.000222121569222989	0.000466103356142169
Visa_mpagominimo_max6_delta1	0.000419716224850475	0.00116187085774629	0.000494616050825462
Visa_Fvencimiento_tend6_delta2	0.000419558619809687	0.000443082701253005	0.000857360888740693
Visa_cconsumos_avg6_delta2	0.000418413044986507	0.00040395065054933	0.000913990268458901
ctarjeta_visa_trx_tend6_lag1_lag2	0.000417814019445267	0.000551725731899877	0.000868845168543686
Master_mlimitecompra_ratioavg6_delta1	0.00041721909952027	0.00605550176737187	0.000519564658673344
Visa_fultimo_cierre_ratiomax6	0.000416872702216111	0.00024408012393766	0.000838748435266877
mprestamos_hipotecarios_avg6	0.000416216457460708	0.0085673460854434	0.000575006009446414
ctarjeta_visa_trx_tend6_delta1_lag2	0.000415737176164849	0.00108373073521904	0.000919138393887829
mprestamos_personales_ratiomax6_delta1	0.000414512535451935	0.000494001088451048	0.000400365754511243
Visa_msaldototal_ratiomax6_lag1	0.000414198347107808	0.000620128174626264	0.00104150537523696
Visa_mpagominimo_avg6_delta2	0.00041364113712347	0.000461416099344832	0.000857360888740693
Visa_mpagominimo_lag1	0.000412745218573545	0.000665606737400694	0.000848648676476354
Visa_mconsumospesos_avg6_delta2	0.000412213207962757	0.000609117643482369	0.000942502963142194
cmobile_app_trx_ratiomax6_delta2	0.000411663338181842	0.000679203589094821	0.00103794128840155
Visa_delinquency_tend6	0.000410937192492319	0.000739483932371723	0.00033344012393518
mplazo_fijo_dolares_avg6_delta1	0.000410523736531563	0.0019991638429923	0.00036749695369578
mvr_mpagospesos_lag1	0.000409879503245982	0.000446040321610909	0.00096547152274818
mpasivos_margen_avg6_delta1_lag2	0.000409821579354371	0.000419086018308729	0.00099992436215716
Visa_msaldototal_avg6_delta1_lag2	0.000408328697531393	0.000391632084001016	0.000848252666827975
Visa_fultimo_cierre_tend6_delta1_lag2	0.000407832493027041	0.00106222874428943	0.000738557994226971
mcuentas_saldo_max6_lag1_delta2	0.00040544164793959	0.00244960294099705	0.000852608772960145
chomebanking_trx_ratiomax6_lag1_delta2	0.000404365215167912	0.000411254069608134	0.00107120609886539
mpayroll_ratioavg6_delta1	0.000404175464243413	0.00703969256874297	0.00097853984114469
mcaja_ahorro_dolares_min6_delta2	0.000403250163708642	0.000598199600032869	0.000495012060473841
ccomisiones_otras_lag1	0.000401259827997642	0.00302900456787376	0.000917158345645933
Master_msaldopesos_max6	0.000401158758762593	0.000618969768514911	0.000851816753663386
Visa_cconsumos_avg6_delta1	0.000400343595385001	0.000463182311341241	0.000825680116870367
mcomisiones_mantenimiento_avg6_delta1_lag2	0.000399280009746009	0.000875957220198545	0.000800335499374107
Visa_cconsumos_min6	0.000398397771007612	0.00222277162510267	0.000823304058980093
mcaja_ahorro_avg6_delta1_lag2	0.000397658004262883	0.000488999679966335	0.000934582770174613
cproductos_delta2	0.00039547567217729	0.000161140265388069	0.000136227319042401
Visa_cconsumos_tend6_lag1	0.000394583747481799	0.000477811627013324	0.000929038635097305
mpasivos_margen_delta2	0.000394200245219953	0.000612309120844598	0.000967847580638455
ctarjeta_visa_debitos_automaticos_avg6_lag1_delta2	0.000394139126148493	0.000532947018220826	0.000582530192765617
mrentabilidad_annual_max6_delta1_lag2	0.000392812609855196	0.000513965844517148	0.000805087615154656
mactivos_margen_ratioavg6_delta1_delta2	0.000392208344247397	0.00054110678500217	0.000895377814985084
ccajas_trx_tend6_delta1_delta2	0.000391374035929124	0.00257185854820558	0.000851420744015007
mcaja_ahorro_dolares_min6_lag1_lag2	0.000390683338620267	0.000569018334434041	0.000763506602074853
Visa_mpagospesos_ratiomax6_delta1_delta2	0.000389274374958988	0.000536598364115021	0.000925474548261894
Visa_msaldopesos_avg6_delta1_lag2	0.000388730610160488	0.000334469383182334	0.000802315547616002
Visa_Fvencimiento_tend6_lag1_lag2	0.000388328178207074	0.000512332078637207	0.000773010833635951
mcomisiones_mantenimiento_tend6_lag1_lag2	0.000387394510648028	0.000504079078049853	0.000812215788825479
ctrx_quarter_max6_delta1_lag2	0.00038591446853019	0.000555607942815454	0.000666880247870359
mtarjeta_visa_debitos_automaticos_max6_lag2	0.000384454254721743	0.000552815145296241	0.000694204913608515
mprestamos_personales_ratioavg6_delta1	0.000384431496645175	0.00107571113191067	0.000470855471922718
Visa_msaldototal_ratiomax6_delta1_lag2	0.000384188495873243	0.000908136558216853	0.00106684999273322
Visa_mpagominimo_tend6_delta1_lag2	0.000383905535949887	0.000386890314822007	0.000911614210568626
mcuenta_corriente_delta1_delta2	0.000383880434907628	0.000928935384167762	0.000818551943199544
mpasivos_margen_avg6_delta1_delta2	0.000383117614260651	0.000455095475086189	0.000993588207783094
cforex_buy_ratioavg6	0.000382299749067579	0.00719362278076666	0.000540949179685814
Visa_mpagominimo_tend6_delta1_delta2	0.000380763481548622	0.000468724858000399	0.00091003017197511
Visa_cconsumos_avg6_delta1_lag2	0.000377944218215769	0.000707540456061677	0.000913990268458901
mpayroll_max6	0.00037657771481956	0.00187418417097095	0.000578174086633447
mtarjeta_visa_debitos_automaticos_tend6_delta1_delta2	0.000375888606588657	0.000948949775497494	0.000845084589640942
mcuenta_corriente_lag1_delta2	0.000374913707975051	0.000465496930447985	0.000717569482862881
chomebanking_trx_min6_lag1	0.000373365838088626	0.00075108168350292	0.000771030785394055
ccajas_trx_tend6_lag1_delta2	0.000372156435259427	0.00100886338230595	0.00082449208792523
ctransferencias_emitidas_max6_lag2	0.000371937762937311	0.00101779068314991	0.000651435871583575
chomebanking_trx_avg6_delta1	0.000371253912075747	0.000469457430327821	0.000902505988655908
Visa_mpagominimo_max6_delta2	0.000370443787532799	0.000684900128669524	0.000664900199628464
Visa_mpagominimo_ratiomax6_lag1_delta2	0.000369476702585043	0.000339351990349365	0.000925078538613515
mtransferencias_recibidas_lag1	0.000369090867678718	0.000580723563320272	0.000723113617940188
mcuentas_saldo_min6_delta1_delta2	0.000367515511329862	0.000489326476853913	0.000865281081708275
mv_Finiciomora_lag1	0.000367463299398872	0.000774945769601108	0.000205925017157118
mtransferencias_emitidas_ratiomax6_delta1	0.000367280965753982	0.000461957757536464	0.000986064024463892
mtransferencias_recibidas_tend6_lag1_delta2	0.000366626344531072	0.000390920481931877	0.000904882046546182
mpagomiscuentas_tend6	0.0003666055340632	0.00253321094626653	0.000639159572483824
ctrx_quarter_max6_delta1_delta2	0.000366393286413171	0.000551596940976677	0.000818947952847923
matm_other_avg6_lag1_lag2	0.000366116675425851	0.00192496246252434	0.000750834293326723
mv_mpagominimo_lag1	0.000364770680894412	0.000561604321285326	0.000527484851640925
Visa_fultimo_cierre_tend6_lag1	0.000364758412360534	0.000565596685406679	0.000733409868798043
Visa_mpagospesos_tend6_delta1	0.0003638773213376	0.000605586862442401	0.000957947339428978
ctransferencias_recibidas_avg6_delta2	0.000362909919036841	0.000897988373834346	0.000818947952847923
chomebanking_trx_lag2	0.000361790866405096	0.000559448032338922	0.000970619648177108
mcomisiones_otras_delta1_lag2	0.000357848642778816	0.000329767406622818	0.000920722432481345
Visa_mpagado_tend6_delta1	0.000356994528162388	0.00210283436002248	0.000724301646885325
chomebanking_trx_lag1_delta2	0.000355359007703224	0.000344018782847499	0.000929434644745685
Visa_mpagominimo_ratiomax6_delta2	0.000354711177568527	0.000405381357254407	0.000903694017601045
Visa_mconsumosdolares_avg6_delta1_lag2	0.000354433046463239	0.00183013147648082	0.000788059200274356
mprestamos_personales_ratioavg6_lag1_lag2	0.000353968143548166	0.000518937333172432	0.00046135124036162
Visa_mconsumospesos_lag2	0.000353671941259404	0.000357530977250953	0.000858152908037451
mtransferencias_recibidas_tend6_lag1	0.000352088078654997	0.000767930538037902	0.000832016271244433
mautoservicio_ratiomax6_lag1	0.000352080701080398	0.000611318548396082	0.000890229689556156
chomebanking_trx_min6_lag1_lag2	0.000351747199412193	0.000422476032957244	0.000773802852932709
cmobile_app_trx_lag1_lag2	0.000351561875022684	0.000417234998292028	0.000893397766743189
matm_avg6	0.00035113213023896	0.000491735041964119	0.000779346988010016
chomebanking_trx_avg6_delta1_lag2	0.00035002301011687	0.00038171366808191	0.000898149882523738
mactivos_margen_max6_delta2	0.00034809443853832	0.000517833031457923	0.000803899586209518
ccajas_consultas_avg6_lag1	0.000346453489444576	0.0010886132331071	0.000746478187194553
mplazo_fijo_dolares_tend6	0.000345357852718012	0.00508137527688662	0.000492636002583567
tcallcenter_tend6_delta2	0.000344478178494082	0.000566498304770372	0.000611834906745668
ctrx_quarter_min6_lag1_delta2	0.000342312588412546	0.000540493349365833	0.000817759923902786
ccaja_seguridad_lag1	0.000341929710507763	0.000722859634823557	0.000161967946187041
mpayroll_max6_delta2	0.000341503429542218	0.002455873458962	0.000607082790965119
Visa_mpagominimo_max6_delta1_delta2	0.000341131116234605	0.000578277666251609	0.000605498752371603
Master_mpagospesos_avg6_delta2	0.000339421204581155	0.00160202854145804	0.00062807130232921
cmobile_app_trx	0.000338227114749946	0.000492035751322839	0.000931810702635959
Visa_Fvencimiento_avg6_delta1	0.000332920875414909	0.000494670373179571	0.000787663190625977
mtransferencias_emitidas_avg6_delta2	0.00033179386929387	0.000809439753103844	0.000790039248516251
Visa_fechaalta_avg6_delta1_delta2	0.000331051178938914	0.000348528726103803	0.000754002370513755
ctrx_quarter_min6_delta1_delta2	0.000329668006548415	0.000491209368648613	0.000809047711638446
mautoservicio_avg6_delta1	0.000329564753156562	0.00154695135826126	0.000691432846069862
Master_mpagospesos_tend6_lag1	0.000328802565680419	0.00143111866419926	0.000790831267813009
Visa_Fvencimiento_avg6_delta1_delta2	0.00032839805040388	0.000348061015863393	0.000812611798473858
mrentabilidad_ratiomax6_delta1_delta2	0.000325803974766984	0.000378629540354538	0.000786871171329218
mprestamos_prendarios_min6	0.000324016221585633	0.0068583090027206	0.000666088228573601
ctransferencias_recibidas_tend6_lag2	0.000323767085638064	0.000400985030216882	0.000832016271244433
mtarjeta_visa_debitos_automaticos_avg6_lag1	0.000322559108661029	0.000314456092178824	0.000578570096281826
ccaja_ahorro_tend6_delta1	0.000322410447431057	0.00116730326250439	0.000169492129506243
Master_msaldototal_ratiomax6_lag2	0.000320478138417231	0.00059203256925628	0.000654999958418987
mcomisiones_mantenimiento_tend6_delta2	0.000319946161342313	0.000419769705252376	0.000694600923256894
Visa_cconsumos_avg6_delta1_delta2	0.000319341927057989	0.000372787625830272	0.000842708531750668
ctarjeta_visa_trx_ratiomax6_delta2	0.000319007783309864	0.000430116494749497	0.000866865120301791
chomebanking_trx_min6_lag2	0.000317740453980561	0.000368892802613801	0.00064945582334168
mrentabilidad_annual_min6_delta1_lag2	0.000316885338804403	0.000463778774822446	0.000740934052117246
mcuenta_corriente_max6_lag1_lag2	0.000316205302347964	0.00049391827006173	0.000618171061119733
mcuenta_corriente_min6_lag1_delta2	0.000315893674398565	0.00040127650361818	0.000584510241007512
cpagomiscuentas_tend6_lag1_lag2	0.000315108431881311	0.000832673985341914	0.00057262995155614
ctrx_quarter_min6_delta1	0.000314879909864441	0.000714470114651773	0.000637575533890308
mtransferencias_emitidas_delta2	0.000314827758120345	0.000791755871550971	0.000592034424326714
ctarjeta_visa_debitos_automaticos_max6_lag1_lag2	0.000313824047764907	0.000951388215218243	0.000593618462920231
Visa_msaldopesos_max6_delta2	0.000313292441204549	0.000898590553736363	0.000710441309192057
mtarjeta_visa_debitos_automaticos_tend6_lag2	0.00031294549545077	0.000966360444542446	0.000710045299543678
mextraccion_autoservicio_tend6_lag1_delta2	0.000312546111151768	0.000649605397832563	0.000721529579346671
Visa_mconsumosdolares_ratiomax6_lag1_lag2	0.000312250969978389	0.000427891476864938	0.000774198862581088
Visa_mpagospesos_max6_delta2	0.000311824278824108	0.00195867511643606	0.00077736693976812
mpayroll_sobre_edad_lag2	0.000310629465521521	0.000522911436400408	0.000262158387226946
mextraccion_autoservicio_ratioavg6	0.000307127354437929	0.000511674663866203	0.000759942515239441
mtarjeta_visa_consumo_min6_lag2	0.000307115025496975	0.000518783815055187	0.000609458848855394
Visa_mconsumosdolares_tend6_delta1_lag2	0.000305896593083715	0.00206359506896292	0.000813799827418995
ctransferencias_emitidas_tend6	0.000303586896737739	0.000868663677698045	0.00069658097149879
mcomisiones_mantenimiento_avg6_delta1_delta2	0.000303537960865711	0.000556481119499988	0.00069222486536662
chomebanking_trx_max6_delta2	0.000303126038279261	0.000655884224767777	0.000696976981147169
mtarjeta_visa_debitos_automaticos_avg6_delta1_lag2	0.000302031332266415	0.000696650474699048	0.00068351265310228
mprestamos_personales_delta1_delta2	0.000301936613345327	0.000214237091250071	0.000163551984780557
ctarjeta_visa_debitos_automaticos_ratiomax6_lag1_lag2	0.000301216187449652	0.000467693501885144	0.000733013859149664
mprestamos_personales_max6_lag1_delta2	0.000300726918960973	0.000457511719870498	0.000441946767591046
Visa_fultimo_cierre_ratiomax6_lag1_lag2	0.000299639490769805	0.000213558898401048	0.000690244817124725
mpayroll_min6_delta1	0.000298868466608287	0.00206077648537409	0.000355616664244408
ccomisiones_otras_min6	0.000298247172517854	0.00057285054079842	0.000536989083202023
ccallcenter_trx_avg6_lag1_delta2	0.000296481104095562	0.00154091147168678	0.000698957029389064
mprestamos_personales_avg6_delta1_delta2	0.000295968972658821	0.00069555736089053	0.000380565272092289
mtransferencias_recibidas_max6_delta2	0.000295338759974821	0.00091000598985655	0.000675988469783078
mtransferencias_emitidas_tend6	0.000295052584229419	0.000836212932159007	0.000716381453917743
ctransferencias_emitidas_ratiomax6_delta1_lag2	0.000295032816529193	0.000386067915177971	0.000790831267813009
cplazo_fijo_ratioavg6	0.000294901656836205	0.00144157006758865	0.000252654155665849
Visa_msaldopesos_min6_delta2	0.000294259532466977	0.00208177344164131	0.000716381453917743
mtransferencias_emitidas_tend6_delta2	0.00029165845427137	0.000613327834513035	0.000719549531104776
ctarjeta_visa_trx_avg6_delta1_delta2	0.000291543607135343	0.000681553656039781	0.000729845781962632
mv_mpagominimo_delta1_delta2	0.000291011758607309	0.000537929740000988	0.000604706733074845
mcomisiones_mantenimiento_delta2	0.00029092789865252	0.00102551685734017	0.00045699513422945
ccomisiones_otras_ratiomax6_delta1_delta2	0.000288702276306729	0.000314905111946441	0.000723113617940188
ccajas_consultas_ratioavg6	0.0002875033082978	0.00105444755755637	0.000396009648379073
ctarjeta_visa_debitos_automaticos_tend6	0.000287413953433311	0.000357480441377846	0.00049540807012222
ccallcenter_trx_tend6_delta1_delta2	0.000286617562842174	0.000853685841232004	0.000659356064551157
ccajas_consultas_avg6_delta1_delta2	0.00028249261155074	0.00305710587835983	0.00052114869726686
Visa_fultimo_cierre_ratioavg6_lag1_lag2	0.000281996966201335	0.000228996373536386	0.000706877222356646
ctransferencias_recibidas_avg6_lag1_delta2	0.000281689381640966	0.000751618284715825	0.000745290158249416
mprestamos_personales_min6_delta2	0.000280120394982604	0.000410602397635624	0.000291859110855377
cmobile_app_trx_min6_lag1	0.000278395963321931	0.000564080254998873	0.000561145671753147
Visa_mconsumosdolares_min6	0.000274853618932948	0.00190309425514347	0.000612626926042426
mpayroll_sobre_edad_lag1_lag2	0.00027467120613714	0.00022733951964701	0.000226913528521209
ctarjeta_visa_trx_tend6_delta1	0.000273812399726287	0.000467029379646081	0.000633219427758138
Visa_mconsumosdolares_ratioavg6_lag1	0.000273073702429741	0.00110175485120505	0.000727865733720736
Master_mpagominimo	0.000271168979281224	0.000848990930123391	0.000559165623511251
Visa_mpagado_ratioavg6_lag1	0.000271112191302222	0.00129902400398442	0.000518376629728207
mcuenta_corriente_min6_delta1_delta2	0.000270893535865125	0.000315933167083034	0.000638367553187066
mautoservicio_ratioavg6_delta1	0.000270097457602248	0.000429402997255396	0.000771030785394055
Visa_mconsumosdolares_ratioavg6_delta1_lag2	0.000269749565549393	0.000526895774169534	0.000702521116224476
mtransferencias_recibidas_lag2	0.000269066021957634	0.000658724912855278	0.000593222453271852
mtransferencias_recibidas_lag1_lag2	0.00026633020816254	0.000481340572920177	0.000604310723426466
Visa_mconsumosdolares_ratioavg6_delta2	0.000266091750358809	0.000488701016762198	0.000663712170683327
ctransferencias_emitidas_tend6_lag1_delta2	0.000265808626287447	0.000538485412278973	0.000721529579346671
mcuenta_debitos_automaticos_avg6_delta1	0.000263631438233427	0.000864613226149659	0.000470459462274339
ccomisiones_otras_ratiomax6_delta1_lag2	0.000262290421482605	0.000282530594144118	0.00072628169512722
mprestamos_personales_ratioavg6_lag1_delta2	0.000260438061375656	0.000496562421798643	0.000412642053610994
mtarjeta_visa_debitos_automaticos_max6	0.000258718866909374	0.000297407999464827	0.000516000571837932
mpayroll_ratioavg6_delta2	0.000258469232363121	0.00309827138090667	0.000588866347139682
Visa_mconsumospesos_min6_delta1	0.000258360596594323	0.000723369688782265	0.000463727298251895
mtarjeta_visa_debitos_automaticos_tend6_delta1	0.000256823548822972	0.000489184248385153	0.000622527167251903
cextraccion_autoservicio_ratioavg6_lag1	0.000255888316305537	0.000320276309174393	0.000677572508376594
chomebanking_trx_max6_lag1_delta2	0.000254870576695298	0.000588972520585589	0.000670444334705771
ccajas_consultas_tend6_delta1_delta2	0.000251110259268212	0.000757316489852822	0.000591242405029956
cpagomiscuentas_avg6_lag1	0.000251069181504127	0.000637868711674787	0.000604706733074845
mextraccion_autoservicio_tend6_delta2	0.000250332181572614	0.000486743845411113	0.000620151109361628
internet_avg6_delta2	0.000250049337733589	0.000316422269624661	0.000352448587057375
internet_ratioavg6_delta1_delta2	0.000249845911064972	0.000233753230750285	0.000369477001937675
mtransferencias_emitidas_lag2	0.000248266987503247	0.000552896241599658	0.000508872398167109
Visa_fultimo_cierre_avg6_delta1	0.000247180328211094	0.000213951771385481	0.000549265382301774
cplazo_fijo_ratiomax6	0.000246864584672977	0.000992895885305587	0.000176224293528688
mextraccion_autoservicio_tend6_lag2	0.000245274966719556	0.000501969470066542	0.000603914713778087
cmobile_app_trx_ratioavg6_delta1_delta2	0.000244793007481047	0.000431298177282308	0.000680740585563627
ctarjeta_visa_descuentos_avg6	0.000244273249830891	0.00369760789677542	0.000420958256226955
mautoservicio_avg6_delta1_lag2	0.000243622285068857	0.000641144480808363	0.000632031398813001
mextraccion_autoservicio_tend6	0.000242610174566838	0.000666418695250354	0.000608270819910256
Visa_Finiciomora_max6	0.000240902580046271	0.000861250474721033	0.000255426223204502
ccomisiones_mantenimiento_delta2	0.000239647212389908	0.00043469786500414	0.000215033239069837
Visa_cconsumos_lag1_delta2	0.000233819391029686	0.000285383464953098	0.000561145671753147
ctarjeta_master_trx_avg6_delta1	0.000226686530484054	0.00121118954395835	0.000471647491219476
mprestamos_personales_delta1	0.000226376376731714	0.000901851445856514	0.000213053190827941
Master_mpagospesos_avg6_delta1	0.000226373283180122	0.000865349781507271	0.00055124543054367
ccajas_consultas_avg6_lag1_delta2	0.000225923680873714	0.0021199348614251	0.000483923790319227
mcuenta_corriente_min6_delta1_lag2	0.000224109051337168	0.000277834763584827	0.000408681957127203
cproductos_ratioavg6_delta1_delta2	0.00022380152285666	0.000341040275132602	0.000550849420895291
ccajas_trx_tend6_delta1	0.000222813989912914	0.00054451106244091	0.000528276870937684
internet_tend6_delta2	0.000222211920956514	0.000497880733194857	0.000456599124581071
internet_tend6	0.00022171103836352	0.000384122817269391	0.000428878449194536
Master_fechaalta_avg6_delta1_lag2	0.000221598823935371	0.000250751017453844	0.000521940716563618
Master_msaldototal_max6_delta2	0.000220160764138061	0.000632156168382756	0.000521940716563618
mtarjeta_master_consumo	0.000216846947943332	0.000315062443523054	0.000254238194259365
mv_Fvencimiento_delta2	0.000215639473683227	0.000124733504175369	0.000148503618142152
thomebanking_avg6_delta2	0.00021482338744809	0.000521129141553621	0.000485111819264365
Visa_mconsumosdolares_ratioavg6_delta1_delta2	0.000213923544565463	0.000399770767476862	0.000571441922611002
mextraccion_autoservicio_tend6_lag1	0.000209806694580474	0.000539009849611601	0.000544909276169605
ctarjeta_visa_trx_min6_delta1	0.000208767211731157	0.000261306601387843	0.000217409296960111
Visa_delinquency_tend6_lag1	0.000208399900059425	0.00110007038364942	0.00027324665738156
tmobile_app_tend6_lag1	0.000208136892448855	0.00077545428988594	0.000453827057042418
Master_mpagominimo_max6_lag1_delta2	0.000207558183061011	0.00110514759782792	0.000455015085987555
mpayroll_tend6_delta2	0.00020746528547527	0.00106158122868617	0.000462935278955137
matm_tend6_delta1	0.000207350572779318	0.00050566842767923	0.000533028986718232
chomebanking_trx_max6_delta1_delta2	0.000207237444182854	0.000438011557709928	0.000562333700698284
Visa_cconsumos_min6_delta1_delta2	0.000202900500312807	0.00132824262415115	0.000381753301037426
Visa_mlimitecompra_ratioavg6	0.000202306969240681	0.000557944896283537	0.000223745451334176
Visa_fechaalta_avg6_delta1_lag2	0.000201658151566037	0.000207733424710006	0.000428482439546157
tpaquete9_avg6	0.000201053991412832	0.000513665805905234	0.000221369393443902
cforex_sell_avg6_lag1	0.000199436246094446	0.000524529013919237	0.000357992722134682
mpayroll_min6_delta1_delta2	0.000198135870473496	0.00123207849491687	0.000332252094990042
Master_mpagominimo_max6_delta1	0.000196917864447312	0.0017921063011999	0.000475607587703267
mpayroll_sobre_edad_delta2	0.00019671721776717	0.000806689009148412	0.000333836133583559
ccomisiones_mantenimiento_tend6_lag1_lag2	0.000194767610363679	0.00264043332764218	0.000442738786887804
ccomisiones_mantenimiento_tend6_lag2	0.000189696395324281	0.00146289994413424	0.00037620916596012
internet_tend6_lag1	0.000188847649595929	0.000311150128134264	0.000356804693189545
thomebanking_avg6_delta1	0.000188362369815927	0.000384763045095556	0.000326707959912735
mtransferencias_emitidas_delta1	0.000187345320768848	0.000458677832033636	0.000474023549109751
ccuenta_debitos_automaticos_avg6_delta1	0.000186760382447933	0.00357360354713336	0.000451054989503764
cprestamos_personales_delta2	0.000185119224743085	9.86801005029511e-05	6.05894762019982e-05
ctransferencias_emitidas_avg6_lag1_delta2	0.000183285045166543	0.00049170160259808	0.000459767201768104
ctarjeta_visa_debitos_automaticos_avg6_delta1_delta2	0.000181111002742883	0.000417844839026945	0.000481151722780574
Visa_delinquency_tend6_delta1_delta2	0.000180286487940493	0.000829438528845017	0.00030334339065837
mtransferencias_recibidas_min6	0.000178820992970176	0.000568810662932827	0.000407097918533687
mcaja_ahorro_adicional	0.000178648097468512	0.00239915378640857	0.000287106995074828
mextraccion_autoservicio_avg6_delta1_lag2	0.000177781909429221	0.000409291728231108	0.000477587635945162
Visa_mconsumospesos_min6_delta1_delta2	0.000177704120961584	0.000322219692533553	0.000503328263089802
mtransferencias_emitidas_avg6_delta1_lag2	0.000175515713752553	0.000346485815977027	0.000487883886803018
internet_tend6_lag1_lag2	0.000171757969520971	0.000375110689563937	0.000332648104638421
ccajas_consultas_tend6_delta1_lag2	0.000166540261105577	0.000474660390691204	0.000434422584271843
mtarjeta_master_consumo_tend6_lag1	0.000164576232322866	0.000793136343842179	0.000312451612571089
mv_Finiciomora_delta1	0.000162298373770789	0.000338119504398373	8.63301033466379e-05
mcaja_ahorro_max6_delta1_lag2	0.000162072386429173	0.000596703959007803	0.000438778690404013
Visa_delinquency_tend6_delta2	0.000162048417231569	0.000302695131015862	0.000223349441685797
ccomisiones_mantenimiento_tend6_delta2	0.000161840796143349	0.000430180890211097	0.000337004210770591
ccallcenter_trx_delta2	0.000161389148795482	0.000555276439395514	0.000347300461628447
internet_tend6_delta1_lag2	0.000159053607147611	0.000477938978468661	0.000352052577408996
mtransferencias_emitidas_avg6_delta1	0.000156228374071055	0.000345255172695631	0.000444718835129699
mprestamos_personales_tend6_delta1_delta2	0.000155869056894152	0.00057232437007517	0.000306115458197024
ctrx_quarter_max6_delta1	0.000154601541021724	0.00027033258114531	0.000408681957127203
mtarjeta_visa_debitos_automaticos_lag1_delta2	0.000154403981061122	0.000446147716464652	0.000381753301037426
ccomisiones_mantenimiento_max6_delta1	0.000150836554080569	0.000331321666396825	0.000136227319042401
internet_avg6_lag1_delta2	0.000147664219415328	0.000299869022250786	0.000278394782810488
cpayroll_trx_min6_delta2	0.000147089483939284	0.000406294010026232	0.000151275685680806
mpayroll_max6_lag1_delta2	0.000143056191351295	0.000967364322648105	0.000307303487142161
mcuenta_corriente_max6_delta1_lag2	0.000138644123615462	0.000961617390393433	0.000306115458197024
ccaja_seguridad_max6_lag1_lag2	0.000138255440634009	0.000100629388694947	3.8016926244391e-05
internet_tend6_delta1	0.00013724599487816	0.000220694773951532	0.000293443149448893
mtarjeta_visa_debitos_automaticos_max6_delta2	0.000136645898498483	0.000307770999932503	0.000306511467845403
ccuenta_debitos_automaticos_avg6_delta1_delta2	0.000133240868112013	0.000590907263369323	0.000310471564329193
tmobile_app_avg6_delta1	0.000125967885047424	0.000345549638079871	0.000312847622219468
mcuenta_corriente_max6_delta1_delta2	0.00012005630504071	0.000320457953438597	0.000290275072261861
Visa_cconsumos_min6_lag1_delta2	0.000118865265512585	0.000336309584580611	0.000303739400306749
Visa_Fvencimiento_max6_delta2	0.00011051616317777	0.000136085675306102	0.000214637229421458
mcomisiones_mantenimiento_max6_delta1	0.00010696838197048	0.000367699860578429	0.000176620303177067
ccaja_seguridad_max6	9.73197190539423e-05	0.000169344357982205	5.18772639376586e-05
cmobile_app_trx_min6_delta1	8.57510869802422e-05	0.000775976270325774	0.000213845210124699
ccajas_depositos_ratioavg6_delta1_delta2	7.78108125229505e-05	0.000513307792913502	0.000179788380364099
Master_fultimo_cierre_max6_delta2	7.3175046841111e-05	0.000409295726334259	0.000161571936538662
mcomisiones_mantenimiento_max6_delta1_delta2	6.85116807378969e-05	0.000412227127274889	0.000167908090912727
Visa_status_max6_lag1_lag2	5.95749755616997e-05	0.000430691038375817	0.000100586450688285
cliente_vip_max6_lag2	5.89463267710667e-05	0.0027576132920285	0.000177412322473825
Visa_Fvencimiento_ratiomax6_delta2	5.4748692292109e-05	0.000208643511310063	0.000134643280448885
Master_mpagado_avg6_delta1	3.6178694701281e-05	0.000256967675957583	0.00011127871119452
mcaja_ahorro_adicional_lag2	3.39216996405898e-05	0.00023486203174393	8.19739972144681e-05
mpagomiscuentas_min6_delta2	3.10952269567901e-05	0.000186534336255078	0.00011959491381048
