Feature	Gain	Cover	Frequency
mdescubierto_preacordado_tend6	0.138860183636033	0.0115729933316958	0.0017531556802244
ctrx_quarter_min6	0.112453816774186	0.00705320335733132	0.00166549789621318
mcaja_ahorro	0.0650965321941863	0.00803670721536228	0.00227910238429173
ctrx_quarter_normalizado	0.0581471212518514	0.00733813858215449	0.00271739130434783
mprestamos_personales_ratioavg6	0.0260718702194384	0.00585392121469365	0.00236676016830295
mtarjeta_visa_consumo	0.0222009353872449	0.00742544062657822	0.00227910238429173
mcuenta_corriente	0.0208669095776733	0.00328173740605803	0.00289270687237027
mpayroll_sobre_edad	0.0139620059378723	0.0133271894063096	0.00140252454417952
cpayroll_trx	0.0136214411971046	0.00733957566552997	0.00157784011220196
mcuentas_saldo	0.0102471419933014	0.00330950375572123	0.00376928471248247
cpayroll_trx_ratioavg6	0.0102010413708869	0.00676530765444335	0.00140252454417952
mv_status07	0.00985107563725247	0.000482902553309066	0.000350631136044881
ctrx_quarter_lag1	0.00893383448425054	0.00155274300206748	0.00122720897615708
mprestamos_personales_ratiomax6	0.00880706010547009	0.00179491713597544	0.00184081346423562
mv_msaldototal	0.00673420299472122	0.000898213483729154	0.000876577840112202
ctrx_quarter	0.00583087931738856	0.00396438530091815	0.00236676016830295
mcuentas_saldo_min6_delta2	0.00577867292247163	0.00188394417365725	0.00245441795231417
mtarjeta_visa_consumo_min6	0.00574578354841603	0.00201163128182797	0.00113955119214586
mpayroll	0.00562114231797583	0.00344406186098321	0.000438288920056101
mcaja_ahorro_ratioavg6	0.00556329944539279	0.00237898887929583	0.00333099579242637
mpasivos_margen	0.00543489839108973	0.00295771795228936	0.00245441795231417
ctarjeta_visa_trx	0.00538141989802706	0.00221710337905249	0.00113955119214586
mes	0.00514340613510795	0.00236462852620056	0.00341865357643759
ccomisiones_mantenimiento_avg6_delta1	0.00461715744112845	0.000438283919618088	0.000438288920056101
cproductos_ratioavg6_delta1	0.00392159464832846	0.00169577934438635	0.000964235624123422
foto_mes	0.00366089264577013	0.00368572182606442	0.00429523141654979
cproductos_ratioavg6	0.00351577040379075	0.00902679847616759	0.00201612903225806
ctarjeta_visa_tend6	0.00332673177566235	0.000991678155961246	0.00017531556802244
mprestamos_personales_tend6	0.00329075987014959	0.00263578784882506	0.000964235624123422
mprestamos_personales_delta1_delta2	0.00325582221739651	6.27218152600961e-05	0.00017531556802244
mpasivos_margen_max6	0.00291282425182682	0.00134549905687165	0.0013148667601683
ctrx_quarter_ratioavg6	0.00287805312677625	0.00195452894960842	0.00289270687237027
mv_msaldopesos	0.00278560267500201	0.00215270095921	0.00105189340813464
mprestamos_personales	0.00278229290364941	0.00452979283912944	0.00157784011220196
mcuentas_saldo_ratiomax6	0.0027761196868107	0.00242278508946777	0.00455820476858345
mprestamos_personales_min6_lag2	0.0027044126885938	9.37544316428497e-05	0.000262973352033661
mv_status06_delta2	0.00267001515547155	0.00187984315323096	0.000525946704067321
ccaja_ahorro	0.00266665731753421	0.0108551914552169	0.00262973352033661
mprestamos_personales_avg6_lag1_lag2	0.00265454147389952	0.000546041128913145	0.000262973352033661
mtarjeta_visa_consumo_avg6_delta1	0.00260544227585065	0.00105541844472469	0.000876577840112202
mcaja_ahorro_dolares_delta1	0.00260001464484702	0.00568442737213507	0.00157784011220196
mcomisiones_mantenimiento_avg6_delta1	0.00252393296420236	0.0029523352088525	0.00245441795231417
Visa_status_max6	0.00233519342510347	0.00773839681944042	0.0013148667601683
mtransferencias_recibidas	0.00225334759005848	0.00247204295627779	0.0013148667601683
ctarjeta_visa_trx_ratioavg6	0.002203189196063	0.00195003891176045	0.00113955119214586
mcuentas_saldo_avg6_delta1	0.00219552863814388	0.000734532091648497	0.00184081346423562
ctarjeta_visa_trx_avg6_delta2	0.00219380007512692	0.00129576832736365	0.00140252454417952
mcuentas_saldo_min6_delta1	0.00216358984928257	0.00201865209069969	0.00122720897615708
mprestamos_personales_avg6_delta1	0.0020512258862878	0.000841064296796372	0.000788920056100982
Visa_msaldopesos	0.00203170429762372	0.00265255135550146	0.00149018232819074
mpayroll_ratiomax6	0.00180565624136517	0.000330817086243174	0.00017531556802244
mv_mpagominimo	0.00178934999509518	0.00178244453461579	0.00113955119214586
mcomisiones_mantenimiento	0.00161955034377051	0.00509146617999827	0.00184081346423562
mcuenta_corriente_min6	0.00160404730535111	0.000996286563611061	0.00280504908835905
ccallcenter_trx	0.00157547706547742	0.00372510136300515	0.00122720897615708
mpagomiscuentas	0.00156093366635885	0.00722457940304105	0.00140252454417952
Master_status_max6	0.00155140325875562	0.00226668799583634	0.000701262272089762
Visa_Finiciomora	0.00153109634803894	0.00654561268571632	0.00122720897615708
mcuentas_saldo_tend6	0.00152713409308928	0.00106058725940509	0.0013148667601683
mprestamos_personales_ratiomax6_delta2	0.00151297062408116	0.000880980196901692	0.000788920056100982
ctrx_quarter_ratiomax6	0.00149234115290774	0.00118982057311236	0.00306802244039271
mactivos_margen	0.00146972185643796	0.00234159142002656	0.00271739130434783
mrentabilidad_avg6_lag1_lag2	0.00143893718296044	0.000474569195957554	0.000964235624123422
ccaja_ahorro_max6	0.00142911287212779	0.00390791242478027	0.00184081346423562
cproductos_min6_delta1	0.0014281199154049	0.00118627071207589	0.000613604488078541
mpayroll_min6_delta2	0.00140879725104433	0.00723251017976443	0.00219144460028051
mactivos_margen_min6	0.0013995551720892	0.00262491693884657	0.00289270687237027
Visa_msaldototal_avg6_lag1_delta2	0.00139823378652668	0.000181024417578575	0.000701262272089762
mactivos_margen_avg6	0.00135251995667467	0.00123442379406873	0.0017531556802244
mpasivos_margen_avg6	0.00135223710370279	0.000691707500266679	0.000964235624123422
thomebanking	0.00127371854823694	0.00159981534310913	0.00113955119214586
thomebanking_ratioavg6	0.0012646010815766	0.000628398151563068	0.00140252454417952
mpayroll_ratioavg6	0.00125402203634878	0.00152959369118549	0.000964235624123422
ccaja_ahorro_max6_delta2	0.00125203581995553	0.00404430032989571	0.000613604488078541
mactivos_margen_ratioavg6	0.00122971883381074	0.00165081978100569	0.00245441795231417
ccomisiones_mantenimiento_tend6	0.00122020548442394	0.00168078706917188	0.000964235624123422
mrentabilidad_avg6_lag2	0.00120371567942987	0.000337498814953367	0.000964235624123422
mv_Finiciomora	0.00119869497930588	0.00295566189349175	0.00105189340813464
mcuentas_saldo_ratioavg6	0.00119759299387163	0.00114147698971969	0.00289270687237027
chomebanking_trx_delta1	0.00119589846894042	0.00240525526162632	0.00245441795231417
mcuenta_corriente_avg6_delta1	0.00115938645010993	0.00106912036579721	0.00192847124824684
mcomisiones_avg6_lag1_lag2	0.00114839375975128	0.00214432136365464	0.00254207573632539
mrentabilidad_avg6_lag1	0.00113953817287468	0.000190358986170662	0.000613604488078541
mrentabilidad_annual_ratiomax6_lag2	0.00113306567648058	0.000679668305004393	0.00210378681626928
tcallcenter_tend6	0.00113012416249388	0.0065952003850471	0.00166549789621318
ccaja_seguridad	0.00112550875961567	0.00434712357451278	0.000876577840112202
mcuenta_corriente_min6_lag2	0.00111162525971059	0.000614900295096841	0.00140252454417952
cproductos_ratiomax6	0.00111130323635227	0.000392659759120844	0.000350631136044881
mrentabilidad_max6_lag1_lag2	0.00109018430373783	0.000685711946501535	0.00166549789621318
mcuenta_corriente_ratioavg6	0.00107670562306419	0.00126251381115883	0.00245441795231417
mcuentas_saldo_min6	0.00105998107118028	0.00674824267467788	0.00192847124824684
mcaja_ahorro_ratiomax6_lag2	0.00105933626268391	0.000840320169969171	0.00262973352033661
Visa_fechaalta_ratioavg6	0.00105786427455675	0.00151906494391545	0.00271739130434783
mtarjeta_visa_debitos_automaticos_ratioavg6	0.00104370567002855	0.0024720145968461	0.00227910238429173
mactivos_margen_lag1	0.0010296056851462	0.00082594748668621	0.00219144460028051
cproductos_avg6	0.00101235981061901	0.00251907584071882	0.00315568022440393
Visa_cconsumos_min6_delta2	0.00100328239226954	0.00136166516595439	0.000788920056100982
ccomisiones_mantenimiento_ratioavg6	0.00100242572807268	0.00169100509571208	0.0017531556802244
mprestamos_personales_min6	0.000990917548969396	9.80792449757529e-05	0.00017531556802244
cliente_edad_min6_lag1_lag2	0.000980125996052502	0.00164041556863134	0.00298036465638149
cliente_edad_avg6_lag1_lag2	0.00097083406439331	0.00180929290180533	0.00262973352033661
cproductos	0.000963226767276492	0.00242050215521663	0.00157784011220196
mcuentas_saldo_ratioavg6_delta1	0.000962819137748039	0.0012618029758384	0.00350631136044881
Visa_msaldototal_ratioavg6	0.000938619509005498	0.00261473097079436	0.00184081346423562
mcuenta_corriente_ratiomax6_lag1	0.000934567489986434	0.000302621029538922	0.00166549789621318
mv_fechaalta_lag1_lag2	0.000928300540248035	0.00141088604220133	0.00210378681626928
Visa_mfinanciacion_limite	0.000928204382149915	0.000700796698123698	0.00236676016830295
mcuenta_corriente_min6_lag1_lag2	0.000927573656056627	0.00437459646570891	0.00254207573632539
ctrx_quarter_ratiomax6_delta1	0.000925106537358216	0.00363845590107601	0.00280504908835905
Visa_cconsumos_ratioavg6	0.000918721590473821	0.0016492230216996	0.0017531556802244
mcaja_ahorro_max6	0.000915324067147439	0.00148013299278793	0.00210378681626928
Visa_fechaalta_tend6	0.000906716130437076	0.000751563163397813	0.00166549789621318
mrentabilidad_avg6	0.000890531318912884	0.000571880886749492	0.0013148667601683
ctarjeta_visa_trx_avg6_delta1	0.000885599259775488	0.0010410907666268	0.000613604488078541
mvr_msaldopesos2	0.000882530815092023	0.0016004084251371	0.00236676016830295
mcaja_ahorro_min6_delta1	0.000876328556696305	0.00374035935376438	0.00149018232819074
mprestamos_personales_max6_lag1_delta2	0.000875234962048808	0.000394460583033233	0.000262973352033661
Visa_mpagominimo_min6	0.000868845652939496	0.00176693932359334	0.00149018232819074
cproductos_ratiomax6_delta2	0.000866197067861731	0.00269746159813135	0.00105189340813464
ccallcenter_trx_ratioavg6	0.000851276138578774	0.000939724910121794	0.00122720897615708
cliente_antiguedad_ratioavg6	0.000848647379522492	0.00149456301144366	0.00280504908835905
ccallcenter_trx_tend6	0.000847069238378153	0.00317750971298976	0.0017531556802244
mtransferencias_emitidas_avg6	0.000822844095356687	0.00397364650489347	0.00219144460028051
mcuenta_debitos_automaticos	0.000822641704113688	0.00176585488358584	0.00105189340813464
cproductos_avg6_delta1	0.000817907066359304	0.00338391335589439	0.000613604488078541
ctarjeta_visa_trx_tend6	0.000804760322054727	0.000325976871064753	0.000350631136044881
mcuenta_corriente_ratioavg6_lag1_lag2	0.000803669206125304	0.000841750471741422	0.00236676016830295
Master_Fvencimiento_tend6	0.000800392439474164	0.000865877566507376	0.00192847124824684
mtarjeta_visa_consumo_ratioavg6	0.00080038288647152	0.000131907731417625	0.000350631136044881
mcuenta_debitos_automaticos_ratiomax6	0.000795277636244322	0.00538870323308156	0.00184081346423562
Master_Fvencimiento_avg6_delta2	0.000794478640682725	0.00159226865173235	0.00227910238429173
mactivos_margen_tend6	0.000791260287105802	0.000954101908970447	0.00157784011220196
cproductos_min6_delta2	0.000787904311206745	0.0012560614239397	0.000876577840112202
mrentabilidad_annual_ratioavg6_lag1_lag2	0.00078715343192526	0.00073468560248526	0.00149018232819074
chomebanking_trx	0.000786203131953204	0.00183975216446041	0.00210378681626928
chomebanking_trx_tend6_delta1	0.000776414232870306	0.00111077852142339	0.00113955119214586
mv_mpagospesos	0.000773138633311514	0.00297945052460556	0.0013148667601683
mprestamos_personales_ratioavg6_delta2	0.000771379995697227	0.000301308481059129	0.000438288920056101
cliente_edad_ratioavg6_delta1_lag2	0.000762435844648374	0.00192570651936942	0.00254207573632539
mprestamos_personales_avg6_delta2	0.000762242483837812	0.00102255726150724	0.00113955119214586
mv_Fvencimiento_delta2	0.000755481623709396	0.000228367406240058	0.000350631136044881
numero_de_cliente	0.00075015047293343	0.000944664383311134	0.00289270687237027
mpasivos_margen_ratioavg6	0.000744089687076844	0.000570418526489243	0.00219144460028051
mtransferencias_recibidas_avg6_delta2	0.000743580224223699	0.00236758345568091	0.00184081346423562
mcomisiones_otras_ratioavg6	0.000742866126228162	0.000867554472033462	0.00210378681626928
mcuenta_corriente_delta1	0.000740324213136083	0.003102467574188	0.00166549789621318
mcuenta_corriente_ratioavg6_delta1	0.000738411488009169	0.00242731766646328	0.00315568022440393
mcuenta_corriente_ratioavg6_lag1	0.000733372988527989	0.000691140311632856	0.00245441795231417
mcuenta_corriente_ratiomax6_lag2	0.000722433394461987	0.000974156342741796	0.00192847124824684
ctrx_quarter_delta1	0.000719269338491263	0.00130209309714016	0.00166549789621318
mcuentas_saldo_lag2	0.000719025516370323	0.000994561570352976	0.0013148667601683
mrentabilidad_annual_delta1_delta2	0.000714141465542986	0.000956932303555103	0.00157784011220196
mcuenta_corriente_avg6_lag1_delta2	0.000712351889570938	0.00172994814400852	0.00140252454417952
mpayroll_sobre_edad_lag1	0.000710313426921587	0.000104232625143352	0.000262973352033661
mrentabilidad_ratiomax6	0.000704095430838251	0.000945079910636348	0.00219144460028051
mactivos_margen_tend6_delta2	0.000702057967599869	0.000863254935585327	0.00184081346423562
mpayroll_min6_lag1_lag2	0.000699613671901323	0.0017729860476374	0.000876577840112202
ctrx_quarter_tend6_delta1_lag2	0.000695801760962825	0.00103900819792565	0.00236676016830295
Master_fechaalta_ratioavg6_delta2	0.000695502488853651	0.00121397479429124	0.00227910238429173
ccomisiones_otras	0.000693234429421315	0.0064286762681941	0.00219144460028051
Visa_mpagospesos_max6_lag2	0.000690541081286342	0.000751920122331491	0.0017531556802244
mcaja_ahorro_lag1	0.000689463307691648	0.00124191561611027	0.00140252454417952
mrentabilidad_annual_max6_lag1_lag2	0.00068047361088363	0.0014760893077344	0.00192847124824684
mcomisiones_otras_max6_lag2	0.00067471505344372	0.00125541532210465	0.00219144460028051
mcuenta_corriente_min6_delta1	0.000672637093826835	0.00037614470572643	0.000964235624123422
Master_mfinanciacion_limite_min6_lag1_lag2	0.000670317244947233	0.00104750554677347	0.00236676016830295
Master_fechaalta_avg6_delta2	0.00066895674787998	0.00106288375686269	0.00184081346423562
Master_mlimitecompra_ratioavg6	0.000665675200255745	0.00534570971812837	0.000701262272089762
mrentabilidad_annual_lag1_lag2	0.000665171610277503	0.000720328331936914	0.00192847124824684
ccomisiones_otras_avg6	0.000663152132875328	0.00286558740636552	0.00166549789621318
Visa_msaldopesos_ratioavg6	0.000660763835432744	0.000408589745109281	0.00113955119214586
mcomisiones_max6	0.000660550480453931	0.00209690007830132	0.00227910238429173
mtransferencias_emitidas_max6	0.000655162112671569	0.00177808396373858	0.00113955119214586
ctrx_quarter_avg6_delta1	0.000651488228821503	0.000560198033911499	0.00166549789621318
mcaja_ahorro_max6_lag1_lag2	0.000651350215168625	0.000702656706937008	0.00219144460028051
mcaja_ahorro_ratioavg6_lag1_lag2	0.000651100300428631	0.000426422279058565	0.0017531556802244
mv_fechaalta_lag2	0.000648217532835237	0.000934723785993995	0.00140252454417952
mcaja_ahorro_dolares_avg6_delta2	0.000647539016031209	0.00119067382210064	0.00113955119214586
mrentabilidad_annual	0.000647363599293325	0.000618584555179154	0.00219144460028051
chomebanking_trx_tend6_delta2	0.000646517312605066	0.00184549309984972	0.0017531556802244
ccaja_ahorro_ratioavg6_delta1_delta2	0.000646415853533396	0.00619758389047415	0.000788920056100982
mv_mpagominimo_delta2	0.000643157176682133	0.00133061652032763	0.000876577840112202
mdescubierto_preacordado_tend6_delta1_delta2	0.00064155609515894	0.00145116075076848	0.000613604488078541
cliente_edad_min6	0.000640830427613604	0.0018747803781647	0.00210378681626928
mactivos_margen_ratiomax6	0.000638436604758967	0.000801398082991812	0.00210378681626928
mactivos_margen_ratioavg6_lag1	0.000637234488996963	0.000633147739861954	0.00254207573632539
mcomisiones_mantenimiento_max6_delta2	0.000636743377087158	0.00299242743064181	0.00140252454417952
Visa_fultimo_cierre_avg6	0.000636534000974819	0.000851755186034558	0.0017531556802244
mvr_msaldototal	0.000636469438443489	0.000347105880693443	0.000876577840112202
cliente_edad_min6_lag2	0.000635468637461422	0.00260985869712794	0.00184081346423562
ccomisiones_otras_ratioavg6	0.000632805012495007	0.000733254067694241	0.00192847124824684
Master_mlimitecompra	0.000632043863401815	0.0010434353518164	0.00192847124824684
mcomisiones_mantenimiento_tend6	0.000628045394646376	0.00192741671640228	0.00149018232819074
Master_fechaalta_ratioavg6_lag1_lag2	0.000625841613575309	0.00129520853684244	0.00236676016830295
Master_fultimo_cierre_avg6	0.000625369206141976	0.000923079156737847	0.0017531556802244
Visa_fechaalta_ratioavg6_delta2	0.000624917698684139	0.00118150262849547	0.00157784011220196
ccaja_ahorro_avg6_delta1	0.000624153231201333	0.00175943332183595	0.000525946704067321
mplazo_fijo_dolares_avg6_delta1	0.000622912622577113	0.00300928587976344	0.000701262272089762
mcomisiones_mantenimiento_ratioavg6	0.000617630222749313	0.00175235394457269	0.00157784011220196
ctrx_quarter_tend6_lag1_lag2	0.00061480933693001	0.000567337212585059	0.0013148667601683
ctrx_quarter_lag1_lag2	0.00061296703061723	0.00110372688708244	0.0017531556802244
mcomisiones_otras_min6_lag1_lag2	0.000611442628127669	0.000653313761831913	0.00219144460028051
Visa_mpagominimo_avg6	0.000611074740077647	0.000658179870404487	0.00192847124824684
cliente_edad	0.000608812387761089	0.00103813645365584	0.00219144460028051
mrentabilidad_min6	0.000607684572717081	0.00109849765448234	0.00166549789621318
cplazo_fijo_ratioavg6	0.000605281143117585	0.00341190103242665	0.000525946704067321
mrentabilidad_annual_ratiomax6_lag1_lag2	0.000604209919598278	0.000444820768622903	0.00157784011220196
Master_mpagominimo_max6_lag1_lag2	0.000598794347570922	0.00105408061936012	0.00113955119214586
mcuenta_corriente_delta2	0.000595704234900082	0.00308486499823917	0.00122720897615708
chomebanking_trx_avg6_lag1_lag2	0.000592737560976952	0.000648660348997023	0.00201612903225806
Visa_msaldototal_ratiomax6	0.000592646764831196	0.00291283791861931	0.00157784011220196
mactivos_margen_max6_lag2	0.000592404277005633	0.000220170913971926	0.00105189340813464
ctrx_quarter_ratiomax6_lag1	0.000592029593398083	0.000626652813495292	0.00140252454417952
mtarjeta_visa_debitos_automaticos_ratioavg6_lag1_lag2	0.000590723616756788	0.000700070450068651	0.00166549789621318
mcomisiones_otras_ratiomax6	0.000587070352759011	0.000491235294151193	0.000964235624123422
mrentabilidad_annual_delta1	0.000586995666213992	0.00164630015070726	0.0017531556802244
Master_Fvencimiento_max6_lag2	0.00058563130897448	0.000978046516958563	0.0017531556802244
mcuenta_corriente_tend6	0.000584038217822111	0.000514557227660871	0.00149018232819074
ctrx_quarter_ratioavg6_lag1_lag2	0.000581914354906543	0.000771999216478223	0.00184081346423562
mactivos_margen_ratioavg6_lag2	0.000581761329935802	0.000639502718598314	0.00219144460028051
Master_mfinanciacion_limite	0.00057857810353388	0.000670921886365206	0.00184081346423562
Visa_mpagominimo_max6_lag1_lag2	0.000574533950950748	0.00122995040197414	0.00166549789621318
mvr_msaldopesos2_lag1_lag2	0.000574251572512927	0.000408883820085731	0.00166549789621318
mtarjeta_visa_debitos_automaticos_max6_lag1_lag2	0.000572039542578263	0.000561294187597302	0.00113955119214586
mvr_msaldopesos_delta2	0.000569971413578179	0.00494656859584732	0.00166549789621318
Master_mpagospesos_tend6	0.000569020316861584	0.00500160993719419	0.00140252454417952
ccomisiones_mantenimiento_delta1	0.000568963561196499	0.00166524979966142	0.000613604488078541
ccallcenter_trx_avg6_delta1	0.000567225203104228	0.00150996218285197	0.00113955119214586
ctrx_quarter_normalizado_delta2	0.000566175427979902	0.000770310597273829	0.000701262272089762
mtransferencias_recibidas_avg6_lag1_delta2	0.000566014766596389	0.00121106671952413	0.00122720897615708
mpayroll_avg6_lag1_lag2	0.000562614182553681	0.00201155483466428	0.0013148667601683
Master_fechaalta_ratioavg6	0.000561559521025605	0.000252823100507999	0.00122720897615708
mcomisiones_otras_min6	0.000559836867062419	0.000660084884402872	0.000964235624123422
chomebanking_trx_ratioavg6	0.000559434777029069	0.00093891728282798	0.00227910238429173
Master_fechaalta_tend6	0.000559060042754911	0.000244855949730935	0.00105189340813464
mrentabilidad_annual_avg6_delta1_lag2	0.00055789958255216	0.000482352626938011	0.00140252454417952
mcaja_ahorro_dolares	0.000557549876125123	0.00111022612901479	0.000525946704067321
mrentabilidad_annual_ratioavg6_delta1	0.00055706225244126	0.000839506377581512	0.0017531556802244
ctrx_quarter_ratiomax6_lag1_lag2	0.000556605302289058	0.000772051619775913	0.00184081346423562
Visa_mpagado_ratioavg6	0.000556107851225876	0.00483559197454593	0.0017531556802244
mcuentas_saldo_ratioavg6_delta2	0.000555735912194448	0.000827662615794141	0.00166549789621318
Master_mfinanciacion_limite_lag1	0.000555296196944297	0.00297612568949446	0.0017531556802244
Master_fechaalta_ratioavg6_delta1_lag2	0.000551652897514176	0.000646765815658176	0.00184081346423562
Visa_fultimo_cierre_ratiomax6_lag1_lag2	0.000551516499122449	0.000135587059424862	0.000701262272089762
Visa_fultimo_cierre_tend6_delta1_lag2	0.00054905652558925	0.000674624025219673	0.000876577840112202
ctransferencias_recibidas_avg6	0.00054869861408557	0.00108516810507811	0.00201612903225806
Visa_mpagominimo_avg6_lag1_delta2	0.000547836942150175	0.000610061929446574	0.00113955119214586
mvr_mpagominimo	0.00054717487754624	0.00232093095753016	0.00149018232819074
cliente_edad_max6_lag1_lag2	0.000546389629308247	0.00101397113530804	0.00149018232819074
mrentabilidad_annual_ratioavg6_lag2	0.000546244307887579	0.000366049364553759	0.00113955119214586
mprestamos_personales_tend6_delta1	0.000545334091717301	6.41058788285021e-05	8.76577840112202e-05
mcuentas_saldo_tend6_delta1_delta2	0.000545186174118633	0.000410068134613529	0.00157784011220196
ctrx_quarter_avg6_lag1_delta2	0.000544512321677613	0.000656666956374702	0.00149018232819074
mcaja_ahorro_dolares_max6_lag1_lag2	0.000542867245007921	0.000411441101013013	0.00122720897615708
ccajas_trx_avg6_lag1	0.00054004074243908	0.000801952324928559	0.000876577840112202
internet_ratioavg6	0.000539884195572574	0.00166050514343761	0.00140252454417952
mprestamos_personales_min6_delta2	0.000539755013206466	0.000976959610913529	0.000613604488078541
ccallcenter_trx_ratiomax6	0.000537760983391068	0.00039737975496927	0.000701262272089762
ctarjeta_master_trx_ratioavg6	0.000536394823885299	0.00105981908871189	0.000525946704067321
ccaja_ahorro_avg6_delta2	0.000536394470352167	0.00164140321666546	0.000613604488078541
ccomisiones_mantenimiento_tend6_delta1_delta2	0.000533727442953108	0.000776285806229282	0.00105189340813464
mactivos_margen_delta1	0.000533392567435199	0.00291394331994588	0.00157784011220196
ccajas_trx_ratioavg6	0.000529607126318701	0.00063222729135076	0.00113955119214586
mcomisiones	0.000525767111924336	0.000398135595474778	0.00192847124824684
Visa_Fvencimiento_tend6	0.000524247784836704	0.00060866738521863	0.00113955119214586
Master_fultimo_cierre_tend6_delta1	0.000519757195988936	0.00152156427296058	0.0013148667601683
ccaja_ahorro_tend6_delta1	0.000518840847176221	0.00267954521890576	0.000438288920056101
Visa_delinquency_tend6	0.000518488393259327	0.00067561475580071	0.000613604488078541
mcaja_ahorro_min6_lag1	0.00051735493576826	0.00150276443578687	0.00157784011220196
cprestamos_personales_avg6_lag1_delta2	0.000517273493648627	0.00679713556793222	0.000964235624123422
mcuentas_saldo_avg6_delta2	0.000514175042516851	0.000702632663071009	0.00157784011220196
thomebanking_avg6	0.000512304570588533	0.000622412461948078	0.00122720897615708
mcuentas_saldo_ratiomax6_delta1	0.000510950914403567	0.000453504303304862	0.00192847124824684
cliente_antiguedad_ratioavg6_delta1_delta2	0.000510867382529195	0.00105992081276035	0.00201612903225806
Visa_fultimo_cierre	0.000509512811714844	0.00133393087477919	0.00166549789621318
mtarjeta_visa_debitos_automaticos_avg6_lag1_delta2	0.000508877540276513	0.000761717072962021	0.000964235624123422
mtarjeta_visa_debitos_automaticos_ratiomax6_lag1_lag2	0.000507242723675728	0.000710697838840224	0.0017531556802244
Visa_mfinanciacion_limite_lag2	0.000506419376415313	0.0007563047370747	0.00140252454417952
mv_Fvencimiento	0.00050640696762901	0.00115104151631223	0.00219144460028051
mtarjeta_visa_debitos_automaticos_avg6_delta2	0.000505774604502497	0.000809160552653192	0.000876577840112202
mpasivos_margen_ratiomax6_lag1_lag2	0.000505668418948616	0.000441943519325018	0.00166549789621318
Visa_msaldopesos_tend6	0.000505467261186599	0.00152081583056769	0.000964235624123422
ctrx_quarter_min6_delta2	0.00050502470504521	0.000277904551801299	0.000876577840112202
cliente_edad_max6	0.000503624642618595	0.00117152195806833	0.00201612903225806
mactivos_margen_tend6_delta1_delta2	0.000502086746947836	0.000785237522493538	0.00140252454417952
Visa_mpagominimo_max6_delta1	0.000499456872902446	0.00211335779632296	0.000701262272089762
Visa_mpagominimo_max6_delta1_delta2	0.000496787948338411	0.000636281457063828	0.000613604488078541
mcaja_ahorro_dolares_ratioavg6	0.000496731418325884	0.000888498528846775	0.00192847124824684
Visa_Fvencimiento_max6_lag1	0.000495331668478242	0.000634020717150534	0.00184081346423562
ccomisiones_mantenimiento_ratioavg6_delta1	0.000492476176354466	0.00415537127713294	0.000788920056100982
Visa_Fvencimiento_ratioavg6_lag2	0.000492297574135759	0.0004148343686658	0.0017531556802244
Visa_Fvencimiento_ratioavg6_delta1	0.000491771972349459	0.000640003324218602	0.00184081346423562
mvr_mpagospesos	0.000491138499413811	0.00238718722109212	0.0017531556802244
mcomisiones_ratiomax6	0.000490851035699738	0.0013384634517747	0.00140252454417952
cliente_antiguedad_ratioavg6_delta1	0.000488797165869304	0.000494928801874275	0.0013148667601683
mrentabilidad_ratioavg6_lag1_lag2	0.000486863131791869	0.000628174358656461	0.0013148667601683
Visa_cconsumos_delta2	0.000486844171149564	0.00265163152349965	0.000876577840112202
mcaja_ahorro_dolares_ratioavg6_delta1	0.000482652657086387	0.000500872568851113	0.00113955119214586
ccomisiones_otras_avg6_delta2	0.000480710921037152	0.00115934589772267	0.0013148667601683
internet_avg6	0.000480611645890504	0.000722460837898213	0.00122720897615708
mcaja_ahorro_ratioavg6_delta1	0.000479567633374437	0.000794581955235778	0.00166549789621318
mcomisiones_mantenimiento_delta2	0.000479124206390618	0.00149343048370417	0.00140252454417952
mcuentas_saldo_max6_lag1_lag2	0.000477760581510206	0.000555999605002437	0.00157784011220196
mcaja_ahorro_ratioavg6_lag1_delta2	0.000476114816996804	0.0011600086453111	0.00201612903225806
cproductos_lag1	0.000472771808795003	0.000420379870580192	0.00122720897615708
mrentabilidad_ratioavg6	0.000472771663917644	0.000470543389676177	0.0013148667601683
Master_Fvencimiento_avg6_lag1_delta2	0.00047276114387886	0.00044855249992783	0.00122720897615708
mcuenta_corriente_avg6_lag1_lag2	0.00047121672063322	0.000248048851833729	0.00157784011220196
Master_fultimo_cierre_avg6_lag1	0.000470975668704985	0.000501937897067686	0.00157784011220196
mactivos_margen_avg6_delta1_lag2	0.000470805302116664	0.000625499940946107	0.0017531556802244
mtransferencias_recibidas_max6_lag2	0.000470738778318197	0.00131801383548783	0.0013148667601683
mcuenta_corriente_ratiomax6	0.000470543331476002	0.00059271150583604	0.00140252454417952
mcaja_ahorro_dolares_min6_delta2	0.000468840904982177	0.00105623840220619	0.000350631136044881
mcuenta_debitos_automaticos_avg6_delta2	0.000467760023403907	0.00149149711027409	0.000525946704067321
cliente_edad_avg6	0.000467656308696969	0.000929807740161269	0.00105189340813464
Visa_Fvencimiento_max6_lag2	0.000462616083961156	0.000532053763995553	0.0013148667601683
mactivos_margen_min6_delta2	0.000462193120418733	0.000774409768171972	0.00140252454417952
mpayroll_min6_lag2	0.00046141669076039	0.00151602925170572	0.000964235624123422
mprestamos_personales_delta2	0.000461368315319771	0.00450667681975422	0.000701262272089762
mactivos_margen_tend6_lag1	0.000460090114339201	0.000841100054340678	0.00105189340813464
mcaja_ahorro_ratioavg6_lag2	0.000460000658478165	0.000456853182281958	0.00166549789621318
mrentabilidad_lag1_lag2	0.000459730945987754	0.000401975215922008	0.00140252454417952
mcuentas_saldo_ratiomax6_lag2	0.000459384606397491	0.000903117199374188	0.00157784011220196
Visa_fultimo_cierre_avg6_delta2	0.000457473120052937	0.00144472870835905	0.00166549789621318
mcaja_ahorro_dolares_ratioavg6_delta1_delta2	0.000457465639767778	0.000630632381572824	0.00140252454417952
mplazo_fijo_dolares_ratiomax6	0.00045675412002268	0.00257564797486763	0.000525946704067321
mcuenta_corriente_avg6_delta1_lag2	0.000454733533135118	0.000549151418758405	0.000788920056100982
mcomisiones_tend6_lag1_lag2	0.000454045156212726	0.000225096823954805	0.00140252454417952
mtransferencias_recibidas_ratioavg6	0.000453642476148118	0.000375912898197824	0.00184081346423562
mtransferencias_recibidas_ratioavg6_delta1_delta2	0.000452415962229417	0.000432886996465382	0.00149018232819074
ctarjeta_visa_debitos_automaticos_avg6_lag1_delta2	0.000452100442326726	0.000336201062698804	0.000613604488078541
mcuentas_saldo_delta2	0.000451725063955348	0.000671199932097656	0.00166549789621318
Visa_mlimitecompra_ratioavg6	0.000447537482786389	0.000504757810992803	0.000438288920056101
mcomisiones_mantenimiento_ratioavg6_delta1_lag2	0.000447030957139597	0.00169410305536965	0.00149018232819074
Visa_mpagominimo_tend6_lag1_lag2	0.00044696461083613	0.000583636487694866	0.00105189340813464
mrentabilidad_tend6_delta1	0.000446220736334505	0.000534382936450536	0.00113955119214586
ctarjeta_visa_debitos_automaticos_min6_lag1_lag2	0.000446122699848812	0.00333091882570437	0.000788920056100982
mcuenta_corriente_ratiomax6_delta2	0.000445795901850719	0.00112522456932311	0.00157784011220196
mcomisiones_mantenimiento_avg6_lag2	0.000444270705206604	0.00458587361529873	0.000964235624123422
mcomisiones_ratioavg6	0.000443483890512514	0.000414775183764879	0.00122720897615708
mcomisiones_mantenimiento_max6_lag1_lag2	0.000442280289717107	0.00137742869440898	0.0013148667601683
mcuentas_saldo_min6_lag2	0.000441648276355093	0.000312470383467142	0.00122720897615708
mcaja_ahorro_dolares_min6	0.000440392686324317	0.00146239355175572	0.000876577840112202
mvr_Master_mlimitecompra	0.000438589568285079	0.000577610724969877	0.00157784011220196
mcomisiones_ratiomax6_lag1_delta2	0.000437903159752285	0.00041327521643217	0.0013148667601683
mcaja_ahorro_ratiomax6_delta1	0.000435593156139095	0.000719458437195257	0.00157784011220196
mcomisiones_otras_min6_lag2	0.000435152793554239	0.000528678991624304	0.00149018232819074
ctrx_quarter_ratioavg6_lag2	0.000433689081728344	0.000560530948979178	0.00192847124824684
mv_status04	0.000432826998308873	0.000460442499919045	0.000613604488078541
mtarjeta_visa_debitos_automaticos_ratiomax6	0.000432261651563849	0.000787992086423889	0.00140252454417952
mtransferencias_recibidas_max6_lag1	0.000432082063207852	0.000994805091559889	0.00122720897615708
ctrx_quarter_ratiomax6_delta1_delta2	0.000430466128659476	0.000603287107819307	0.00157784011220196
ctrx_quarter_max6_delta1_lag2	0.000429825445566148	0.00102509234809667	0.00113955119214586
mrentabilidad_annual_tend6_lag1_delta2	0.000429798792138399	0.000506660975463034	0.0013148667601683
mrentabilidad_annual_min6	0.000427212576197305	0.000416230145912513	0.00140252454417952
cmobile_app_trx_ratioavg6	0.000426586257289478	0.000374600966227416	0.00140252454417952
cliente_edad_lag2	0.000424162291041004	0.000661973252647873	0.00140252454417952
ctransferencias_recibidas_ratioavg6_delta1_lag2	0.000420845958119961	0.000773858608782149	0.0017531556802244
mcuentas_saldo_lag1_lag2	0.000420729232161505	0.000863684642626387	0.00113955119214586
ctrx_quarter_ratioavg6_delta1	0.000420389968852681	0.00174966041507142	0.00149018232819074
mcuenta_corriente_avg6	0.000419004152645785	0.000936843961767602	0.00140252454417952
Visa_Fvencimiento_ratioavg6_delta1_lag2	0.000417628286842557	0.000365103022648412	0.00157784011220196
mprestamos_hipotecarios_avg6	0.000409434557254639	0.00777560316080046	0.000701262272089762
mtarjeta_visa_debitos_automaticos_avg6_delta1	0.000408429670245414	0.000702166581976259	0.000701262272089762
mrentabilidad_annual_ratioavg6_delta1_lag2	0.000408030574398116	0.000832573113042406	0.00184081346423562
ctrx_quarter_max6_lag1_lag2	0.00040751721968585	0.00128365700050336	0.00140252454417952
ctarjeta_visa_debitos_automaticos_avg6_delta1	0.000407414306094053	0.000663970743053947	0.000613604488078541
mprestamos_personales_ratioavg6_delta1_delta2	0.000406960700747302	0.00230900150093833	0.000613604488078541
Visa_mfinanciacion_limite_ratioavg6	0.000406948760910396	0.00463322646811037	0.000525946704067321
mpasivos_margen_max6_lag1	0.000404717946452495	0.000790896462134695	0.000964235624123422
mrentabilidad_annual_tend6_lag1_lag2	0.000404376453195806	0.000415396625224546	0.00140252454417952
mcaja_ahorro_dolares_ratioavg6_lag1_delta2	0.000404243488478435	0.000449248539023033	0.0013148667601683
Master_mlimitecompra_ratioavg6_delta1	0.000404057245800102	0.00765522785393099	0.000701262272089762
mcuenta_corriente_ratioavg6_delta2	0.00040374526317122	0.000627707044542942	0.00149018232819074
ctrx_quarter_ratioavg6_delta1_lag2	0.000402702077548752	0.000412132824542524	0.00149018232819074
mactivos_margen_ratioavg6_delta2	0.00040029465556629	0.000360773893749817	0.0017531556802244
mpasivos_margen_ratiomax6_lag1	0.000399939800165524	0.000320722978089272	0.00166549789621318
mrentabilidad_annual_avg6_lag1_lag2	0.000399402723121114	0.00084904254474236	0.00157784011220196
mcuenta_corriente_avg6_lag2	0.000398688487127869	0.000269212385987956	0.000964235624123422
chomebanking_trx_tend6_lag2	0.000396955566620809	0.000993420411482099	0.00157784011220196
mrentabilidad_annual_tend6_lag1	0.000396681213417456	0.000342806960754693	0.00122720897615708
mrentabilidad_avg6_delta1	0.000395503927368618	0.000262376529931615	0.00122720897615708
mpasivos_margen_ratiomax6	0.000394617542107566	0.000467133476270007	0.00157784011220196
mactivos_margen_ratiomax6_lag2	0.000394500562785723	0.00256603351101493	0.00113955119214586
mcomisiones_mantenimiento_max6_lag2	0.000393428567450495	0.000905271899673332	0.00113955119214586
ctrx_quarter_ratiomax6_delta1_lag2	0.000393237277860081	0.000435453525033433	0.00149018232819074
mdescubierto_preacordado_min6_delta1_delta2	0.000391834478789178	0.000208148980972409	0.00017531556802244
mrentabilidad_annual_tend6_delta1_delta2	0.000391056538845066	0.000334849674127781	0.00149018232819074
mcuentas_saldo_lag1	0.000390890111990144	0.00141302163070955	0.00157784011220196
Visa_mpagospesos_tend6_lag1_lag2	0.000390103394582415	0.000505422408109392	0.00140252454417952
mrentabilidad_annual_tend6_delta1	0.000388306574256773	0.000375036838362321	0.00113955119214586
chomebanking_trx_max6_lag1_lag2	0.000388169264837361	0.000247620377811439	0.00122720897615708
ctarjeta_visa_trx_ratiomax6	0.000387746939726564	0.00106494721377292	0.000876577840112202
Master_Fvencimiento	0.000387271152765777	0.000640552017570887	0.00157784011220196
mcaja_ahorro_ratioavg6_delta1_delta2	0.000386922118844873	0.000472253586709032	0.00140252454417952
Visa_msaldototal_avg6_lag1_lag2	0.000386464649805101	0.000363844110485078	0.000788920056100982
mtarjeta_visa_debitos_automaticos_tend6	0.0003861902724825	0.000870315817567044	0.000438288920056101
mv_fultimo_cierre	0.000385928016619595	0.000350394958260234	0.00140252454417952
mtransferencias_emitidas_delta2	0.000385203045780577	0.00111802435622048	0.000876577840112202
ctrx_quarter_ratioavg6_delta2	0.000384529696282524	0.000272704295142278	0.00149018232819074
mrentabilidad_lag1	0.000383340386303163	0.000291523860616291	0.00140252454417952
chomebanking_trx_max6_lag2	0.000383197745315987	0.00065386800376866	0.00122720897615708
mcuenta_corriente_ratioavg6_delta1_delta2	0.000383033287012538	0.000607564449929597	0.00140252454417952
ctarjeta_debito_trx_ratioavg6	0.000381980690027303	0.00157889348063366	0.00122720897615708
mactivos_margen_tend6_lag2	0.000381417102692356	0.00247460270324261	0.000964235624123422
mrentabilidad_annual_ratioavg6_delta2	0.000381247503751697	0.000573689108774496	0.00149018232819074
ccomisiones_otras_avg6_lag1_lag2	0.000379526992030941	0.00157814565475015	0.00157784011220196
Visa_Fvencimiento_avg6_delta1	0.000378141926272579	0.000721734589843165	0.00105189340813464
ccajas_consultas_ratioavg6	0.000375947971528649	0.00184605042433339	0.000701262272089762
mcuentas_saldo_delta1_lag2	0.000375564801830942	0.000242163653248427	0.0013148667601683
mforex_sell_avg6	0.000374729963125002	0.0013026158970983	0.000613604488078541
mpasivos_margen_tend6_delta1_lag2	0.000373646713247059	0.000379697649309826	0.000876577840112202
mprestamos_personales_ratioavg6_delta1	0.000373578633919	0.000307710314508718	0.000438288920056101
mvr_msaldopesos_lag2	0.000373442226462321	0.000740554771826563	0.000964235624123422
mrentabilidad_max6_lag2	0.000373045996030194	0.000344671901643079	0.000876577840112202
mcuentas_saldo_tend6_delta1	0.00037284447575103	0.00119820818328972	0.00105189340813464
cliente_edad_avg6_lag1	0.000372713315282875	0.00108434876410599	0.00140252454417952
cliente_edad_ratioavg6	0.000372509848871807	0.00130654429489691	0.00140252454417952
mcuenta_corriente_ratiomax6_delta1	0.000372458526998009	0.00153515213979696	0.000876577840112202
mrentabilidad_annual_tend6_delta2	0.000372350487013927	0.000358719067970977	0.00140252454417952
Master_fechaalta_ratioavg6_delta1	0.000371155912078012	0.000474819498767698	0.0013148667601683
mpasivos_margen_tend6_delta1_delta2	0.000370267560450789	0.000254685575358847	0.00105189340813464
mrentabilidad_tend6_delta2	0.000369659196623081	0.000502085242810603	0.00149018232819074
mcaja_ahorro_dolares_ratiomax6_delta1	0.000369256109930622	0.000597339641786162	0.000788920056100982
mrentabilidad_annual_lag1	0.000368270164786302	0.000369408724190393	0.00140252454417952
cliente_edad_min6_lag1	0.000367689782644636	0.000891590939919881	0.00122720897615708
mcomisiones_otras_min6_lag1_delta2	0.000366642339772634	0.00171262854586721	0.00113955119214586
Visa_fechaalta_ratioavg6_lag1_lag2	0.000365112015279366	0.00123926092670022	0.00105189340813464
Visa_cconsumos_max6	0.000364197125276442	0.000437469510721044	0.00122720897615708
mtarjeta_visa_debitos_automaticos_tend6_delta1_delta2	0.000363003053526306	0.00132151499228292	0.000964235624123422
mactivos_margen_tend6_delta1	0.000362930368797896	0.000339056117658843	0.000788920056100982
mcomisiones_avg6_delta1_lag2	0.00036261308997075	0.000354285748986385	0.000876577840112202
mcuenta_corriente_ratiomax6_lag1_lag2	0.00036139411129348	0.00044288246311775	0.000876577840112202
mrentabilidad_max6	0.000360473334899162	0.000354434327748072	0.00105189340813464
Visa_mpagospesos_max6_lag1_lag2	0.000359373118587438	0.0002597045782588	0.0013148667601683
mcomisiones_mantenimiento_avg6	0.000359340660069584	0.000931646787655503	0.000964235624123422
Visa_msaldopesos_lag2	0.00035818267281814	0.000289509724456833	0.00105189340813464
mrentabilidad_annual_ratioavg6_lag1	0.000357922750694778	0.000349595962097805	0.0013148667601683
mactivos_margen_lag2	0.000357727157194608	0.000698958883648234	0.000964235624123422
mactivos_margen_avg6_delta1_delta2	0.000356813131275868	0.000218251103748311	0.00113955119214586
Master_msaldopesos_ratioavg6_lag2	0.000356683244109734	0.00218486548682286	0.00105189340813464
mvr_msaldopesos	0.000354703411951811	0.000305486565158499	0.000876577840112202
cliente_edad_lag1_lag2	0.000353976527760404	0.000568686135118543	0.0013148667601683
Visa_cconsumos_avg6_delta1	0.000352710844831184	0.000433330266712903	0.000788920056100982
Visa_fechaalta_delta2	0.000352509942182819	0.000163093242127757	0.00017531556802244
cmobile_app_trx_delta2	0.000350361285328271	0.00415188121750678	0.0013148667601683
mcomisiones_mantenimiento_max6	0.00035021200045964	0.000640105664776444	0.000964235624123422
mrentabilidad_annual_max6_delta1_delta2	0.000349958851959859	0.000285358766770385	0.00113955119214586
cmobile_app_trx_ratioavg6_lag1_lag2	0.000348099907898749	0.000484908058337139	0.00140252454417952
mactivos_margen_ratioavg6_delta1	0.000346182281222737	0.000501597583887392	0.00113955119214586
mcuentas_saldo_tend6_lag2	0.000345878306831537	0.000330806605583636	0.00122720897615708
mcaja_ahorro_ratioavg6_lag1	0.000345810322604538	0.000362583965302975	0.000876577840112202
tcallcenter_tend6_delta2	0.000344025350009413	0.000491410999325801	0.000525946704067321
Visa_msaldopesos_avg6_delta1	0.000344021635645291	0.00145384133357268	0.000964235624123422
mvr_Master_mlimitecompra_lag1	0.00034343070145423	0.000610870173249772	0.00122720897615708
cproductos_tend6	0.000342631689057721	0.000634851155291578	0.000613604488078541
mcaja_ahorro_ratioavg6_delta2	0.00034256653439077	0.00062318494820697	0.0013148667601683
Master_fultimo_cierre_avg6_delta2	0.000342468345419632	0.00102696407058829	0.0013148667601683
chomebanking_trx_avg6_delta1	0.000342290149783248	0.000584574814978213	0.00105189340813464
mvr_mpagominimo_lag2	0.000341808125047826	0.000533926719505939	0.000788920056100982
ccomisiones_otras_ratioavg6_delta2	0.000341705935357205	0.00033206551774697	0.00113955119214586
mactivos_margen_ratiomax6_lag1	0.000340712339069566	0.000371497457985386	0.00140252454417952
mvr_msaldopesos2_delta2	0.000340646332458991	0.00127336684236516	0.00122720897615708
mtransferencias_recibidas_ratioavg6_lag2	0.000339366118735307	0.000197224434677463	0.000964235624123422
Master_mpagominimo_max6_lag1	0.000336943549460701	0.00109440094962174	0.000876577840112202
mrentabilidad_tend6_lag1_delta2	0.000336430049061704	0.000231311238551479	0.00105189340813464
mrentabilidad_tend6_delta1_lag2	0.000335896506862989	0.000379614420542907	0.00149018232819074
mcuenta_corriente_tend6_lag1_lag2	0.000335289670317836	0.00141571824275775	0.000964235624123422
mtransferencias_emitidas_tend6	0.000334579694852077	0.000868738786561261	0.000964235624123422
mvr_msaldopesos2_lag2	0.000333805268062525	0.000613859010746267	0.00166549789621318
Visa_mpagospesos_avg6_delta1_delta2	0.000333621739770786	0.000666363415975543	0.00122720897615708
chomebanking_trx_delta1_delta2	0.000333473091472229	0.000337433464958601	0.00122720897615708
mcomisiones_mantenimiento_avg6_delta2	0.00033313863423711	0.000278255345641131	0.000788920056100982
mv_mpagominimo_lag2	0.000333023424847164	0.00120029506755656	0.000788920056100982
Visa_fultimo_cierre_ratioavg6_delta1_delta2	0.00033144849237212	0.000296658150771162	0.00113955119214586
mprestamos_personales_ratiomax6_lag1_delta2	0.000330640904530926	0.000208983734679145	0.000438288920056101
chomebanking_trx_avg6_delta1_lag2	0.000330506607913093	0.000265435649497954	0.00105189340813464
mrentabilidad_ratiomax6_delta1	0.000330225101976912	0.000315427162475638	0.000964235624123422
mv_mfinanciacion_limite	0.000330076127582891	0.000754254843370936	0.0013148667601683
cpagomiscuentas_tend6_lag1_lag2	0.000330023667410108	0.000900881119836277	0.000701262272089762
ctrx_quarter_min6_lag1_lag2	0.000328847055728957	0.00143836818103823	0.00105189340813464
mrentabilidad_ratioavg6_delta1	0.000327029255947615	0.000227324272361331	0.00113955119214586
mv_msaldototal_lag1	0.000326427244142278	0.00011071090575663	0.00017531556802244
Visa_cconsumos_avg6_lag1_lag2	0.000326084402150217	0.00053420353221962	0.00113955119214586
internet_avg6_delta2	0.000325793004408807	0.000576133568484398	0.000525946704067321
cliente_edad_avg6_lag2	0.000325721658055825	0.0022490656915872	0.0013148667601683
mcomisiones_ratiomax6_lag1	0.000325146296481222	0.000515743391716823	0.00140252454417952
mvr_msaldopesos2_lag1_delta2	0.000324196880665744	0.000815441550263401	0.00140252454417952
chomebanking_trx_avg6_lag1_delta2	0.00032293194235759	0.000369607240212232	0.00105189340813464
mrentabilidad_ratiomax6_lag2	0.000322841345931331	0.000385998375220342	0.00122720897615708
ctrx_quarter_tend6_delta1	0.000322178497209039	0.000311066591598429	0.000876577840112202
mpasivos_margen_min6	0.000321724907078457	0.000275294251066943	0.000788920056100982
ccomisiones_otras_avg6_delta1	0.000320186524490271	0.00198779024741647	0.000788920056100982
mcomisiones_mantenimiento_ratiomax6	0.000320168335663886	0.00220847533021514	0.000788920056100982
cliente_edad_ratioavg6_delta2	0.000319017367760975	0.00126506307746411	0.00140252454417952
mrentabilidad_annual_avg6_delta1	0.000318514809123377	0.000354261088611002	0.00105189340813464
ccaja_seguridad_lag1	0.000317950003968772	0.002338469416503	0.000350631136044881
mtarjeta_master_consumo	0.000317083439225482	0.000965050499131392	0.000438288920056101
mcuentas_saldo_ratioavg6_lag1_lag2	0.000316186216490449	0.000713252653729967	0.00149018232819074
mpasivos_margen_ratiomax6_delta2	0.000315462329560703	0.000517957893426273	0.00122720897615708
mpayroll_max6_delta2	0.00031404697148429	0.00317298083505056	0.00105189340813464
mv_Fvencimiento_lag1	0.000313877629599773	0.000274803509596809	0.00149018232819074
Visa_fechaalta_tend6_delta1	0.000313450348211241	0.000149652721034297	0.000525946704067321
mcaja_ahorro_max6_lag2	0.000312161303296899	0.000434719262356386	0.00113955119214586
ccajas_consultas_avg6_delta1_delta2	0.000312042666060067	0.00426860308976316	0.000701262272089762
mcuenta_corriente_ratioavg6_lag2	0.000312004238595005	0.000456052336591375	0.00113955119214586
mpasivos_margen_tend6_lag1_delta2	0.00031138249797361	0.0005647910288267	0.00113955119214586
mcaja_ahorro_ratiomax6	0.000310711870874922	0.000320640982341121	0.0013148667601683
Visa_fultimo_cierre_tend6_delta1	0.000309484141605142	0.00320845293551175	0.00105189340813464
mcomisiones_mantenimiento_avg6_delta1_lag2	0.000309290555344365	0.00194921278918509	0.00122720897615708
cliente_antiguedad_ratioavg6_lag2	0.000308981811817116	0.000575657623239494	0.00149018232819074
Master_fechaalta_ratioavg6_delta1_delta2	0.000308439848682588	0.000779219774390549	0.00157784011220196
chomebanking_trx_ratiomax6_delta1	0.000308428620525359	0.000465888743822518	0.0013148667601683
mactivos_margen_ratiomax6_delta2	0.000307229035341857	0.000608851721524622	0.00105189340813464
Master_Fvencimiento_max6_lag1_lag2	0.000306303767020964	0.000328538467557727	0.00113955119214586
mcomisiones_otras_ratioavg6_lag1_lag2	0.000306119257933782	0.000379259311137382	0.00140252454417952
ctransferencias_recibidas_tend6	0.000305760592096589	0.000923698748669361	0.000964235624123422
mpagomiscuentas_tend6	0.000305358127648342	0.00293851861703443	0.000613604488078541
Visa_mpagospesos_lag1	0.000304183315360182	0.000725689497545314	0.00105189340813464
mcaja_ahorro_avg6_delta1	0.000301216172163907	0.00107507707947113	0.00122720897615708
mcomisiones_ratiomax6_delta1	0.0002994982389364	0.00131461132019428	0.000876577840112202
mtarjeta_visa_debitos_automaticos_tend6_lag2	0.000298086228579172	0.000258075760464711	0.000613604488078541
mprestamos_personales_ratioavg6_lag1	0.000296616804700335	0.000218288094311386	0.000262973352033661
ccomisiones_otras_tend6_lag2	0.000295265031597294	0.00110938397719544	0.00105189340813464
mtarjeta_visa_debitos_automaticos_ratiomax6_lag2	0.000295148499493244	0.000347562714147425	0.000964235624123422
mrentabilidad_annual_min6_lag1_lag2	0.000294499548162006	0.000702906393237768	0.00140252454417952
cprestamos_personales_avg6_lag2	0.00029364596089924	0.00120903655412067	0.000350631136044881
cforex_buy_ratioavg6	0.000293291681851366	0.00660681233930587	0.000613604488078541
mpayroll_min6	0.000292143048821117	0.00165084875694677	0.000262973352033661
Visa_msaldototal_min6	0.00029203318742916	0.000969195291723995	0.000701262272089762
Visa_Finiciomora_max6	0.00029175831412418	0.00175739452530111	0.000262973352033661
chomebanking_trx_avg6_delta1_delta2	0.000291539017069267	0.000968609607808634	0.00122720897615708
chomebanking_trx_ratioavg6_delta1_lag2	0.000290961435552645	0.000391865695033491	0.00122720897615708
mvr_mpagospesos_lag1	0.000290334280079239	0.000448906992823969	0.00105189340813464
chomebanking_trx_ratiomax6_delta2	0.000290269926689303	0.000499408975572095	0.00122720897615708
mrentabilidad_ratioavg6_lag2	0.000290046269068683	0.0001938102057056	0.000964235624123422
ccomisiones_otras_avg6_lag1_delta2	0.000290030959335834	0.00050300754084995	0.00105189340813464
Visa_mpagospesos_tend6	0.000289329996051202	0.000294110733994033	0.000964235624123422
ctrx_quarter_avg6_delta1_lag2	0.000288412871861335	0.000218383653265998	0.000788920056100982
Master_Fvencimiento_avg6_lag2	0.000287633408681522	0.000615079082818372	0.00105189340813464
ctarjeta_visa_ratioavg6	0.000287129348135142	0.000167340991787586	0.000262973352033661
Visa_cconsumos_avg6_lag2	0.00028622449635261	0.000421666525665833	0.0013148667601683
mcaja_ahorro_ratiomax6_delta2	0.000286188851585031	0.000325689577691534	0.000964235624123422
Visa_msaldototal_tend6_delta1	0.000286118894759706	0.000352347443481232	0.000876577840112202
cprestamos_personales_ratioavg6	0.000285688927246794	0.000309695474727099	0.00017531556802244
cmobile_app_trx_ratiomax6_delta2	0.000285610814797378	0.000544800712031349	0.00105189340813464
mrentabilidad_annual_lag2	0.000285513107320884	0.000299880028815032	0.000876577840112202
Master_Fvencimiento_avg6_lag1	0.000285002563391264	0.000371495608457233	0.00113955119214586
Visa_mpagominimo_ratiomax6_lag1_delta2	0.000284699584849801	0.000310336027977689	0.0013148667601683
ctrx_quarter_avg6_delta1_delta2	0.000284395664524565	0.000175280399642344	0.00113955119214586
Visa_Fvencimiento_avg6_delta1_delta2	0.000283077272217316	0.000782068047747357	0.000964235624123422
Visa_msaldopesos_ratioavg6_lag1_lag2	0.000282863234048676	0.00051180266373052	0.0013148667601683
mvr_msaldototal_lag1	0.000282806137800391	0.000608612515883401	0.000788920056100982
Master_msaldopesos_ratioavg6	0.000281949051354827	0.00157078638222629	0.000876577840112202
Visa_fultimo_cierre_tend6_lag1_delta2	0.000281912014489839	0.000633144657315031	0.00105189340813464
mcomisiones_tend6_lag1_delta2	0.000280864282611785	0.000408469525779286	0.00105189340813464
Visa_msaldopesos_ratioavg6_lag1_delta2	0.000279676806261797	0.000457937005780068	0.000964235624123422
mcuentas_saldo_ratiomax6_delta2	0.000279428956226517	0.000613867641877651	0.00113955119214586
ctransferencias_emitidas_max6	0.000279285162776368	0.000502662912103964	0.000613604488078541
Visa_fultimo_cierre_avg6_lag1_delta2	0.00027813022021571	0.000192050071412594	0.000876577840112202
mrentabilidad_annual_ratioavg6_delta1_delta2	0.000277472973957563	0.00046671486639787	0.00122720897615708
mvr_mpagominimo_delta1	0.000276165579784384	0.000969157684651535	0.0013148667601683
Visa_mpagominimo_max6_delta2	0.000275370625087058	0.000806834462745132	0.000438288920056101
chomebanking_trx_delta2	0.000274334022886052	0.000852559730781449	0.00105189340813464
mcomisiones_ratioavg6_lag2	0.000273747873694705	0.000948190200481608	0.000701262272089762
mcomisiones_tend6_delta2	0.000271712694176755	0.000230584990496431	0.00105189340813464
mv_Finiciomora_delta1	0.000270907176058375	0.002018479468072	0.00017531556802244
chomebanking_trx_max6	0.000270874458056267	0.000985132675825047	0.000964235624123422
mcuenta_corriente_ratioavg6_delta1_lag2	0.00026997665322181	0.000300205545770096	0.00122720897615708
mcomisiones_ratioavg6_delta1_lag2	0.00026981749621566	0.000236028151852981	0.00113955119214586
mpayroll_sobre_edad_delta2	0.000268846815398491	0.00184114054359451	0.000701262272089762
chomebanking_trx_ratioavg6_delta2	0.000267979554110756	0.000595006770274871	0.00105189340813464
ctrx_quarter_max6_lag1_delta2	0.000267526318646425	0.00119141856543722	0.000788920056100982
mcaja_ahorro_tend6_lag1_lag2	0.000267476885520146	0.000270272165620067	0.000876577840112202
mpasivos_margen_ratioavg6_lag2	0.000267414791407646	0.000314749618661973	0.00105189340813464
mtransferencias_emitidas_ratiomax6_delta1	0.000267407302947843	0.000632575002643669	0.00113955119214586
mcomisiones_otras_ratioavg6_lag2	0.000266635406858199	0.000258659594851919	0.00122720897615708
mprestamos_personales_ratioavg6_lag1_lag2	0.000266188004731011	0.000219286223005038	0.000525946704067321
mplazo_fijo_dolares_tend6	0.00026592429102956	0.0033393915141768	0.000525946704067321
ccomisiones_otras_avg6_delta1_delta2	0.000264688540248419	0.00046718094749262	0.00105189340813464
mrentabilidad_annual_ratiomax6_lag1	0.000264584090956613	0.000192723916169951	0.000964235624123422
mcomisiones_tend6_lag1	0.000263698235347762	0.000320007827203147	0.000964235624123422
chomebanking_trx_min6	0.000263548142403402	0.00051327858719723	0.000964235624123422
cmobile_app_trx_max6_lag1_lag2	0.000263454518849702	0.000259106564155747	0.000964235624123422
Master_fultimo_cierre_max6_delta2	0.0002633050275106	0.00116861018424491	0.000350631136044881
mrentabilidad_annual_ratiomax6	0.000262504047048241	0.000285964795495437	0.000876577840112202
ctransferencias_emitidas_max6_lag2	0.00026222900927913	0.000948881924011119	0.000701262272089762
mvr_mconsumospesos	0.000261660230154744	0.000507299062676086	0.00105189340813464
ctransferencias_recibidas_ratioavg6	0.000260521413658246	0.000582449090620144	0.000876577840112202
mcuentas_saldo_delta1	0.000259933949886971	0.000260467200367538	0.000964235624123422
Visa_fultimo_cierre_avg6_lag2	0.000259699928759864	0.000525965733822721	0.00105189340813464
mpayroll_max6	0.000259296207844507	0.00194894522411218	0.000701262272089762
chomebanking_trx_min6_lag1_lag2	0.00025846515505106	0.00040030879105546	0.000701262272089762
mtransferencias_recibidas_ratioavg6_delta1	0.0002580272391939	0.000332911368622628	0.0013148667601683
Visa_mpagado_tend6_delta1	0.00025767562281383	0.00140768080991084	0.000701262272089762
chomebanking_trx_ratioavg6_delta1	0.000257133733736724	0.000647330538254461	0.00113955119214586
ctrx_quarter_delta2	0.000256430258489115	0.000295477535299671	0.000876577840112202
mtarjeta_visa_debitos_automaticos_tend6_delta1	0.000256082948446915	0.000318756929661812	0.000701262272089762
mpasivos_margen_min6_lag2	0.000255609266497504	0.000418562400914419	0.00105189340813464
mprestamos_prendarios_min6	0.000255126274194793	0.00560706592502848	0.000788920056100982
cproductos_delta2	0.000255049624844833	0.000493926974124315	0.000350631136044881
Master_mpagominimo_max6_delta1	0.000253759704338067	0.00408459969883825	0.000964235624123422
ccajas_trx_tend6_delta1	0.000253708646480998	0.00133838022300778	0.000525946704067321
mcuenta_corriente_ratioavg6_lag1_delta2	0.000253649527129654	0.000465031179268553	0.00105189340813464
Master_fechaalta_ratioavg6_lag2	0.000253502363136067	0.000416156781295746	0.000788920056100982
Visa_Fvencimiento_tend6_delta2	0.000251854437076744	0.000305481633083423	0.000876577840112202
mpasivos_margen_avg6_delta2	0.000251075041884072	0.00073897095921755	0.000964235624123422
mprestamos_personales_ratiomax6_lag1	0.000250270090001449	9.19517582023067e-05	0.000262973352033661
cmobile_app_trx_ratioavg6_delta1_lag2	0.000249706252368607	0.00141398585138705	0.00105189340813464
mcuentas_saldo_tend6_lag1	0.000249553372153819	0.000270085363276537	0.000788920056100982
Visa_fultimo_cierre_ratiomax6	0.000249473648732916	0.000555451528159536	0.00105189340813464
mrentabilidad_avg6_delta2	0.000247445550642234	0.000242233935318271	0.000788920056100982
Visa_cconsumos_avg6_lag1	0.000247320073575296	0.000756492155927615	0.000876577840112202
chomebanking_trx_ratiomax6_lag1_lag2	0.00024725843190103	0.000202271797009106	0.000964235624123422
mrentabilidad_annual_avg6_delta1_delta2	0.000246773650565272	0.000245742490225976	0.00105189340813464
mcuentas_saldo_min6_delta1_delta2	0.000246279928273012	0.000357642642585481	0.000876577840112202
Visa_mpagospesos_ratiomax6_lag1	0.000246164392868538	0.000321527522836163	0.00105189340813464
Visa_msaldototal_ratiomax6_lag1_lag2	0.000245299880041905	0.000211236459970439	0.000876577840112202
mcomisiones_mantenimiento_tend6_lag1_lag2	0.000245260765744848	0.000451710877505088	0.000876577840112202
mvr_Master_mlimitecompra_lag1_lag2	0.000245246001851615	0.000467865272909516	0.000876577840112202
Visa_mconsumospesos_ratiomax6_lag2	0.000243352347927048	0.000182764823571275	0.000876577840112202
mtransferencias_recibidas_ratioavg6_lag1_lag2	0.000243290249120199	0.000360622848950592	0.000964235624123422
mtransferencias_recibidas_ratiomax6_delta1_delta2	0.000243185566244002	0.000261633636123184	0.00105189340813464
mcuenta_corriente_avg6_delta1_delta2	0.000242275342263296	0.000295743867353814	0.000788920056100982
mactivos_margen_lag1_lag2	0.000241961160088537	8.65992237252909e-05	0.000701262272089762
mdescubierto_preacordado	0.00024103210998294	0.000367165246539868	0.000350631136044881
mcuenta_debitos_automaticos_avg6_delta1	0.000240698414203797	0.00119225948423781	0.000525946704067321
mcuentas_saldo_avg6_delta1_lag2	0.000240306761653417	0.000632538012080594	0.000964235624123422
ctrx_quarter_ratiomax6_delta2	0.000240079267129947	0.00021829672544277	0.000701262272089762
Visa_mpagominimo_avg6_delta2	0.000239665292620648	0.000308572194628375	0.000613604488078541
mrentabilidad_annual_max6_delta1_lag2	0.000239628284306212	0.000329207380240008	0.000788920056100982
Visa_fechaalta_ratioavg6_delta1	0.000239297449612106	0.000480520361047007	0.000788920056100982
chomebanking_trx_ratioavg6_lag2	0.000239047517106424	0.000219014342366434	0.00105189340813464
chomebanking_trx_max6_lag1	0.000238669343168568	0.000285603520996067	0.000701262272089762
mv_mpagominimo_lag1_lag2	0.000238566621964193	0.0010331569073565	0.000964235624123422
Master_msaldopesos_max6	0.000238516325482164	0.00127791174954836	0.00105189340813464
ctransferencias_recibidas_avg6_delta2	0.000238138530653554	0.000659411039645515	0.000788920056100982
mcuentas_saldo_ratioavg6_delta1_lag2	0.000237978430325827	0.000315565877087171	0.00105189340813464
mactivos_margen_ratioavg6_delta1_delta2	0.000237098966474391	0.000960252206591123	0.000964235624123422
cliente_edad_ratioavg6_delta1_delta2	0.00023702498157791	0.000586531615764903	0.000701262272089762
Master_Fvencimiento_ratioavg6_lag2	0.000236704525161306	0.000323853612744223	0.00122720897615708
mrentabilidad_annual_min6_delta1_delta2	0.000236589503869116	0.00021950261779903	0.00113955119214586
Visa_mpagospesos_avg6_delta1	0.000236088055323933	0.000127107589349202	0.000525946704067321
ccomisiones_mantenimiento_delta2	0.000235915041648193	0.000342945058856841	0.000262973352033661
mtarjeta_visa_debitos_automaticos_avg6_delta1_lag2	0.000235038444916666	0.000695211739608692	0.00113955119214586
mcaja_ahorro_avg6_delta1_lag2	0.000234077075646619	0.00020866623234608	0.00105189340813464
ctarjeta_visa_trx_avg6_delta1_delta2	0.000232978075839326	0.00027035169533068	0.000876577840112202
mrentabilidad_annual_ratiomax6_delta1	0.000232838302371684	0.000428030135533577	0.00122720897615708
mcomisiones_mantenimiento_ratioavg6_delta1	0.0002327051793414	0.000207640360730122	0.000876577840112202
Visa_fechaalta_max6_delta2	0.000232618703907114	0.00173713479390469	0.000262973352033661
Visa_mconsumospesos_avg6_delta2	0.000232410539584622	0.000369557919461464	0.000964235624123422
ctransferencias_recibidas_avg6_lag2	0.000231852162492768	0.000181533037820863	0.000525946704067321
mcuenta_corriente_lag1_delta2	0.000231424299343736	0.000441481137286575	0.000613604488078541
Visa_cconsumos_tend6	0.000229113709422395	0.000154643981011943	0.000701262272089762
mrentabilidad_min6_lag2	0.000228831883096813	0.000220750432793441	0.00105189340813464
ccomisiones_otras_ratioavg6_lag1	0.000228461468312799	0.000328521821804343	0.000964235624123422
mcuentas_saldo_tend6_delta2	0.00022838390469767	0.000154065695209196	0.000701262272089762
mtransferencias_recibidas_tend6_lag1	0.000228008722467169	0.000459843869306607	0.00105189340813464
mpayroll_ratioavg6_delta1	0.000226878943616624	0.00210626978792832	0.000876577840112202
mpayroll_min6_delta1	0.000226425996773893	0.00363332161092114	0.000525946704067321
ctarjeta_visa_trx_ratiomax6_delta2	0.000226390091793626	0.000505603045359077	0.00122720897615708
mtarjeta_visa_debitos_automaticos_avg6_lag1	0.000225830588057726	0.000364143734045989	0.000525946704067321
mv_mpagominimo_lag1	0.000225374879480213	0.00163916467109001	0.000525946704067321
matm_other_avg6_lag1_lag2	0.000225338269861795	0.00160032273033265	0.000788920056100982
mv_fechaalta_lag1	0.000224860794877429	0.000277509369285777	0.000701262272089762
chomebanking_trx_lag1_lag2	0.000224596479975404	0.000177796374440859	0.000876577840112202
mpasivos_margen_ratiomax6_delta1	0.000224100889493641	0.00027146511127925	0.00105189340813464
chomebanking_trx_ratiomax6	0.000223867433469173	0.000539433997838487	0.000876577840112202
mv_fechaalta_delta2	0.000223143969354693	0.00204965943019767	0.000262973352033661
thomebanking_avg6_delta2	0.000223066221041165	0.00096030276036066	0.000788920056100982
mvr_mpagominimo_delta2	0.000222947937499339	0.000337011156030156	0.000701262272089762
Visa_fechaalta_ratioavg6_lag1_delta2	0.000222865960223784	0.000149017099858784	0.000613604488078541
mrentabilidad_annual_ratioavg6	0.000218344017649199	0.000419286182931928	0.00122720897615708
mcuenta_corriente_tend6_lag2	0.000218291139841122	0.000339610976104975	0.000701262272089762
cextraccion_autoservicio_ratioavg6_lag1	0.000216752870322026	0.000584486037626832	0.000788920056100982
Visa_Fvencimiento_tend6_lag1_lag2	0.000214999651201919	0.0005002449622976	0.000701262272089762
Visa_msaldototal_avg6_delta1_lag2	0.000214968423736935	0.000137166556468183	0.000788920056100982
Visa_cconsumos_ratiomax6_lag1_lag2	0.000213351891549217	0.000356516279939834	0.000964235624123422
ctrx_quarter_delta1_lag2	0.00021323153407585	0.000213377597063122	0.000788920056100982
ctarjeta_visa_descuentos_avg6	0.000213042578548727	0.00351618791039585	0.000613604488078541
ccajas_consultas_tend6_delta1_delta2	0.000212839116993884	0.00116693142919067	0.00105189340813464
mcomisiones_mantenimiento_avg6_lag1	0.000212641009102626	0.000397609096460338	0.000701262272089762
mcaja_ahorro_ratiomax6_lag1_lag2	0.000212623528637498	0.00039702526207313	0.000964235624123422
mpasivos_margen_max6_lag1_delta2	0.000211906787641866	0.00217723741620732	0.000788920056100982
mactivos_margen_ratioavg6_lag1_lag2	0.000211628870293596	0.000212488590530542	0.00105189340813464
mtarjeta_visa_consumo_ratiomax6	0.000211530685369313	0.000308377994172229	0.000964235624123422
mcaja_ahorro_ratioavg6_delta1_lag2	0.000209850900697716	0.00016475350190046	0.000788920056100982
ccomisiones_otras_tend6_delta1_delta2	0.000209343633262657	0.000167883520046026	0.000788920056100982
chomebanking_trx_avg6_lag1	0.000208446151205244	0.000269823346788086	0.000701262272089762
Visa_cconsumos_min6_delta1_delta2	0.000207804678287496	0.0033281248051734	0.000788920056100982
mcomisiones_avg6_delta1_delta2	0.000207129894908271	0.000223689949539169	0.000788920056100982
mactivos_margen_max6_delta2	0.000206913105283857	0.00124681809873654	0.000701262272089762
ccajas_trx_tend6_lag1_delta2	0.000206811204214836	0.000367821212525072	0.00105189340813464
ctrx_quarter_ratioavg6_lag1_delta2	0.000206425640155719	0.00019014382439544	0.000788920056100982
mcuenta_corriente_max6_lag1_lag2	0.000205964450276859	0.000363059294038495	0.000613604488078541
Visa_cconsumos_tend6_lag1	0.000205861181047567	0.000301642012636192	0.000613604488078541
ctarjeta_visa_trx_ratioavg6_lag2	0.000204972229757575	0.00050099032214357	0.000788920056100982
Visa_fultimo_cierre_tend6_lag1	0.000204789028370671	0.000312019098597621	0.000876577840112202
Visa_cconsumos_avg6_lag1_delta2	0.000203994740432946	0.000163545143506662	0.000876577840112202
ctarjeta_visa_trx_ratioavg6_lag1	0.000203918084608021	0.000709556679969347	0.000876577840112202
ctarjeta_visa_trx_tend6_delta1_lag2	0.000203140709928421	0.000316549209555593	0.000525946704067321
cmobile_app_trx_min6_lag1	0.000202553666220551	0.000116390806716864	0.000438288920056101
mrentabilidad_delta2	0.000202326666951027	0.000179347512052489	0.000876577840112202
mcaja_ahorro_ratiomax6_lag1	0.000201113307006253	0.000208193986157484	0.000788920056100982
mv_fultimo_cierre_lag2	0.000200647649967561	0.000265067593395353	0.000788920056100982
Visa_msaldopesos_min6_delta2	0.000199970888486289	0.000382814720758316	0.000701262272089762
mcaja_ahorro_dolares_ratioavg6_lag2	0.000199770127882486	0.000699436061911907	0.000701262272089762
Visa_mpagospesos_ratiomax6_delta1_delta2	0.000199038017503383	0.000502614207862582	0.000964235624123422
ctarjeta_visa_trx_tend6_lag1	0.000198644433794457	0.00141152844498007	0.00122720897615708
cliente_edad_max6_lag2	0.0001981140172236	0.00094844296932929	0.000701262272089762
ctrx_quarter_min6_delta1	0.000197723402691172	0.000500322642480058	0.000525946704067321
mcaja_ahorro_lag1_lag2	0.000196784653005893	0.00017588149629232	0.000438288920056101
chomebanking_trx_max6_delta1_delta2	0.000196383321029162	0.000754580976835384	0.00105189340813464
mpasivos_margen_min6_lag1_lag2	0.000195494409074587	0.000464975076914555	0.000964235624123422
mpayroll_min6_delta1_delta2	0.000195317708067708	0.00111774384445049	0.000350631136044881
mactivos_margen_max6	0.000195148989884269	0.00056629654474387	0.000525946704067321
cprestamos_personales	0.000195124922436449	0.000514309390888266	0.00017531556802244
ctarjeta_visa_trx_tend6_lag1_lag2	0.000194591719364068	0.00038176233923882	0.000613604488078541
Visa_fultimo_cierre_avg6_delta1	0.000194329511739658	0.000227452506313326	0.000350631136044881
ctransferencias_emitidas_tend6	0.000193993810016115	0.000675306501108415	0.000613604488078541
mrentabilidad_annual_lag1_delta2	0.000192113314840763	0.000128712363277292	0.000701262272089762
mautoservicio_ratiomax6_lag1	0.00019070470610681	0.000517689711843976	0.000788920056100982
ctarjeta_visa_trx_tend6_delta1	0.000190652120157816	0.000159987267848189	0.000525946704067321
mcomisiones_mantenimiento_avg6_delta1_delta2	0.000190530727013672	0.000474880533196772	0.000525946704067321
Visa_mconsumospesos_lag2	0.000190511357153529	0.000233584925161849	0.000788920056100982
thomebanking_tend6_delta1_delta2	0.000190410125272221	0.000798850049705299	0.000788920056100982
mcomisiones_otras_ratioavg6_lag1_delta2	0.000188902034678337	0.000228186152480989	0.000788920056100982
mcuenta_corriente_min6_delta1_delta2	0.000188602728251845	0.000135207906153339	0.000438288920056101
mtransferencias_recibidas_lag1	0.000188579839571546	0.000267611927625559	0.000438288920056101
mpasivos_margen_ratioavg6_delta2	0.000188400851121129	0.000347853706576951	0.000613604488078541
mtarjeta_visa_debitos_automaticos_ratiomax6_lag1	0.00018755212199484	0.000276230112312751	0.000876577840112202
Visa_cconsumos_min6	0.000187278455299734	0.00121326889104588	0.000701262272089762
ccallcenter_trx_tend6_delta1_delta2	0.000187192189330591	0.00040018795521608	0.000613604488078541
mtransferencias_emitidas_ratiomax6	0.000186636865185105	0.000317772364174621	0.000438288920056101
matm_avg6	0.000186196171567623	0.00034498632142922	0.000613604488078541
ctrx_quarter_ratioavg6_lag1	0.000185600112764892	0.000350496065799307	0.000788920056100982
Master_mpagospesos_avg6_delta2	0.000185540099544521	0.000723487942532941	0.000438288920056101
Visa_msaldopesos_avg6_delta1_lag2	0.000184940837576216	0.000196094372975508	0.000613604488078541
mrentabilidad_annual_tend6	0.000183818958780838	0.000114667046477548	0.000613604488078541
mactivos_margen_ratioavg6_delta1_lag2	0.000183750648215564	0.000179524450245866	0.000964235624123422
ctransferencias_recibidas_avg6_lag1_delta2	0.00018368330824766	0.000446583985462832	0.000701262272089762
ccomisiones_mantenimiento_avg6_delta2	0.000183539516740001	6.97204297939689e-05	0.000262973352033661
mcaja_ahorro_ratiomax6_delta1_lag2	0.000183053179469965	0.00017838205835622	0.000964235624123422
mvr_msaldopesos_lag1	0.000182814303413514	0.000742433892430795	0.000701262272089762
Visa_mpagominimo_ratioavg6	0.00018262612115918	9.33019137545602e-05	0.000525946704067321
ctransferencias_recibidas_tend6_lag2	0.000182162448211879	0.000313183684825113	0.000788920056100982
mpasivos_margen_tend6_delta2	0.00018206541803704	0.000244449670046489	0.000613604488078541
Visa_mpagominimo_tend6_delta1_lag2	0.000181991632706086	0.000164281255711863	0.000876577840112202
ctarjeta_visa_debitos_automaticos_ratiomax6	0.000181977402430971	0.000393669601492804	0.000788920056100982
cliente_edad_ratioavg6_lag1_delta2	0.000181744919431987	0.000383545284379056	0.000876577840112202
ctarjeta_master_trx_avg6_delta1	0.000180612105390645	0.000929727593941273	0.000525946704067321
cmobile_app_trx_tend6_lag2	0.00018017393312484	0.000982394141138696	0.000788920056100982
Visa_cconsumos_avg6_delta1_lag2	0.000179918234985875	0.000623064728876974	0.000788920056100982
Visa_mpagospesos_max6_delta2	0.000177993373466376	0.00140365931919516	0.000613604488078541
Visa_cconsumos_lag1	0.000177965890797853	0.000316444402960213	0.000613604488078541
chomebanking_trx_min6_lag2	0.000176256666237452	0.000407234040972566	0.000438288920056101
ctarjeta_visa_debitos_automaticos_max6_lag1_lag2	0.000175578671113323	0.000563543830341673	0.000525946704067321
chomebanking_trx_lag1	0.000175414602279067	0.000135297916523489	0.000701262272089762
Visa_delinquency_tend6_lag1	0.000174475085229405	0.000524293760371711	0.000262973352033661
ccuenta_debitos_automaticos_avg6_delta1_delta2	0.000172787581265475	0.000779901017260521	0.000701262272089762
Visa_mpagospesos_avg6_delta1_lag2	0.000172780128903606	0.000458216901040673	0.000613604488078541
Visa_mpagospesos_ratiomax6_lag1_lag2	0.000172474939323202	0.000143003667321487	0.000613604488078541
Visa_mpagospesos_ratioavg6	0.000171753580543846	0.000493218604841421	0.00105189340813464
ctransferencias_recibidas_ratiomax6_lag1_lag2	0.000171688454690492	0.000192635755327955	0.000701262272089762
mtransferencias_recibidas_ratiomax6_lag1_lag2	0.000171340477726816	0.00013967081758839	0.000788920056100982
Visa_fechaalta_tend6_delta2	0.000171203021487554	8.25370433902233e-05	0.000525946704067321
mtransferencias_emitidas_avg6_delta2	0.000170859527790187	0.000206383914604326	0.000525946704067321
mcaja_ahorro_max6_delta1_lag2	0.000170080454079565	0.000942920894771512	0.000438288920056101
internet_ratioavg6_delta1_delta2	0.000169896157775947	0.000344129989894024	0.000525946704067321
Master_mpagospesos_avg6_delta1	0.000167877222652157	0.000386389242170173	0.00017531556802244
Visa_mpagominimo_tend6_delta1_delta2	0.000167175768079496	0.000115626951589356	0.000701262272089762
ctransferencias_recibidas_tend6_lag1_delta2	0.000165722066550703	0.000300290007555785	0.000438288920056101
tmobile_app_tend6_lag1	0.000165588564411171	0.00124823298777417	0.000613604488078541
mactivos_margen_ratioavg6_lag1_delta2	0.000163489226966316	0.0002371076597854	0.000876577840112202
mtransferencias_emitidas_lag2	0.000162109896651708	0.000720291341373839	0.000438288920056101
mcuenta_corriente_tend6_lag1	0.000161411472039286	0.000159250539133604	0.000613604488078541
ccomisiones_otras_tend6_lag1_delta2	0.00016114508822382	0.000162786836963615	0.000701262272089762
mcomisiones_mantenimiento_tend6_delta2	0.000160315864284459	0.00040320700167242	0.000613604488078541
Master_fechaalta_avg6_delta1_lag2	0.000160254401319249	0.000461595988977614	0.000525946704067321
ccomisiones_mantenimiento_max6_delta1	0.000159087873264188	0.00137652859070748	0.000438288920056101
ccaja_seguridad_max6	0.000158617552793264	0.000727738774739693	0.00017531556802244
mtarjeta_visa_consumo_tend6	0.000157279612159627	0.000151836397274517	0.000613604488078541
ccajas_trx_tend6_delta1_delta2	0.00015681504340081	0.00163488671247033	0.000613604488078541
Visa_fechaalta_ratioavg6_delta1_lag2	0.000156299266403843	0.000172328552708925	0.000613604488078541
ccomisiones_otras_lag1	0.00015617032523021	0.000309116572414969	0.000613604488078541
Master_mpagominimo	0.000154805302728433	0.00100152504385193	0.000438288920056101
Visa_delinquency_tend6_delta1_delta2	0.000154585566994588	0.000908523370167663	0.000613604488078541
ctarjeta_visa_debitos_automaticos_tend6	0.000153671075849557	0.000343416072026668	0.000438288920056101
ctransferencias_emitidas_ratioavg6_lag1_delta2	0.00015338693104107	0.000183323381073714	0.000701262272089762
mpasivos_margen_tend6_delta1	0.000151574587470583	0.000198521570422642	0.000525946704067321
mpasivos_margen_avg6_delta1_delta2	0.000149979103777888	0.000125779628134794	0.000613604488078541
mtarjeta_visa_consumo_min6_lag2	0.000149451611949076	0.000300662995733462	0.000350631136044881
Visa_msaldopesos_max6_delta2	0.000149437157680614	0.00103434492094061	0.000964235624123422
ctarjeta_visa_debitos_automaticos_avg6_delta1_delta2	0.000147806775419678	0.00106896623845106	0.000613604488078541
ctarjeta_visa_debitos_automaticos_ratiomax6_lag1_lag2	0.000147166551199081	0.000115649145927201	0.000438288920056101
ccomisiones_otras_ratiomax6_delta1_delta2	0.000146952174794415	0.000147165722176858	0.000525946704067321
cproductos_ratioavg6_delta1_delta2	0.000146524865416832	0.000452585704321822	0.000350631136044881
Visa_msaldototal_ratiomax6_lag1	0.000145906857289463	0.000128053314745164	0.000701262272089762
Visa_mpagominimo_lag1	0.000145256801480819	0.000213965747016021	0.000438288920056101
Visa_mpagominimo	0.000143628669230025	0.000223339772208722	0.000613604488078541
mpasivos_margen_max6_lag1_lag2	0.000143323937429701	0.000553775239142834	0.000350631136044881
mrentabilidad_avg6_delta1_lag2	0.000143229349834533	0.000104515602950879	0.000701262272089762
internet_tend6	0.000142657741150099	0.000434145292119332	0.000525946704067321
Visa_mconsumospesos_tend6_lag1	0.000141960105836006	0.000263385139284806	0.000788920056100982
mrentabilidad_ratiomax6_delta1_delta2	0.000141930114846676	0.000161140140397374	0.000701262272089762
mtransferencias_recibidas_lag2	0.000141128824314393	0.000443960121522014	0.000525946704067321
Visa_mpagospesos_ratioavg6_lag2	0.000139932810074521	9.72013356120959e-05	0.000438288920056101
Visa_cconsumos_max6_lag1_lag2	0.000139773407748105	0.000318819197109656	0.000788920056100982
Visa_mpagospesos_tend6_delta1	0.000139109213851672	0.000265201992441194	0.000613604488078541
chomebanking_trx_min6_lag1	0.000138746824909153	0.000101720349401145	0.000701262272089762
mrentabilidad_annual_max6_delta2	0.000138385475846139	0.000125005908857133	0.000438288920056101
mprestamos_personales_ratiomax6_lag1_lag2	0.000137434596040897	0.00013321781385988	0.000350631136044881
ccomisiones_otras_tend6_lag1_lag2	0.000136934861660466	0.000205615127401741	0.000613604488078541
mcaja_ahorro_dolares_min6_lag1_lag2	0.000136648395335437	0.000183846181031847	0.000438288920056101
ccomisiones_otras_min6	0.000135719676748088	0.000191389173352313	0.000438288920056101
mextraccion_autoservicio_tend6_lag1_delta2	0.000135125137943574	0.000327873870441139	0.000701262272089762
mcuenta_corriente_tend6_lag1_delta2	0.000135073486817766	0.000118110867899871	0.000613604488078541
Master_msaldototal_max6_delta2	0.000134901142653488	0.00022231883266784	0.000438288920056101
Visa_mconsumosdolares_tend6_delta1_lag2	0.000133654518786054	0.00066018537543256	0.000525946704067321
mv_msaldopesos_lag1	0.00013339253908044	0.000122052828904944	0.000438288920056101
Visa_mconsumosdolares_avg6_delta1_lag2	0.000133171428063863	0.00112692736824335	0.000350631136044881
ccajas_consultas_avg6_lag1_delta2	0.000132898267387333	0.00198758001771632	0.000438288920056101
mtransferencias_recibidas_avg6_lag2	0.000131617072382584	0.000565427883020982	0.000525946704067321
Visa_msaldototal_ratiomax6_delta1_lag2	0.000131473810203378	0.000587362670415331	0.000964235624123422
mprestamos_personales_ratioavg6_lag1_delta2	0.000131247834545007	0.000192676444947338	0.000350631136044881
Visa_mconsumosdolares_ratioavg6_delta2	0.000130492616373774	0.000553493494354076	0.000876577840112202
ctarjeta_visa_trx_min6_delta1	0.00013039204722039	0.000649894600784974	0.000262973352033661
Visa_cconsumos_avg6_delta2	0.000129577424490747	0.000365903868338996	0.000438288920056101
mprestamos_personales_tend6_delta2	0.000129178048601179	0.000980998363891982	0.000350631136044881
mcuenta_corriente_min6_delta2	0.000128539181209662	0.000405774146749856	0.000701262272089762
chomebanking_trx_ratiomax6_lag1_delta2	0.000128236343174956	0.00041441267624674	0.000613604488078541
internet_tend6_delta2	0.000124513533431244	0.000400491277833299	0.000613604488078541
Visa_mconsumosdolares_max6	0.000123805303940009	0.00014692959908256	0.000525946704067321
mcomisiones_mantenimiento_ratioavg6_delta1_delta2	0.000122723978826582	0.00041333563435186	0.000350631136044881
Visa_mconsumospesos_tend6_lag1_lag2	0.000122475107689198	0.000103047077596784	0.000525946704067321
mpasivos_margen_delta2	0.000121845259763145	0.000253535785356586	0.000525946704067321
ccomisiones_mantenimiento_tend6_lag1_lag2	0.000121554492521528	0.00113106476272334	0.000438288920056101
Visa_cconsumos_avg6_delta1_delta2	0.000120417246366107	0.000195283663134772	0.000613604488078541
Visa_fechaalta_avg6_delta1_lag2	0.000120261931361842	8.20974721990102e-05	0.000438288920056101
ccallcenter_trx_delta2	0.000120252767666516	0.0007566888224213	0.000701262272089762
mv_mpagominimo_delta1_delta2	0.000119824103240468	0.000581397942119417	0.000525946704067321
ctrx_quarter_tend6_lag1_delta2	0.000118888379923845	9.8756788789418e-05	0.000613604488078541
mcaja_ahorro_ratiomax6_lag1_delta2	0.000118317151269317	0.000232248949325441	0.000701262272089762
mautoservicio_avg6_delta1	0.000116600176336746	0.000273906488442229	0.000438288920056101
mcomisiones_mantenimiento_max6_delta1	0.000115958885365537	0.000939653395033181	0.000438288920056101
chomebanking_trx_lag2	0.000115404186135185	8.12355920793525e-05	0.000438288920056101
mcuentas_saldo_tend6_lag1_delta2	0.000115357561768126	6.10603224686244e-05	0.000350631136044881
Visa_Fvencimiento_max6_delta2	0.000114868848833144	0.000186367704414822	0.000350631136044881
Visa_status_tend6_delta1	0.000114626806194676	0.0012030138739426	0.000350631136044881
cmobile_app_trx_lag1_lag2	0.000114227581819308	6.32606444622284e-05	0.000350631136044881
mcomisiones_otras_tend6_lag2	0.000113606290398663	7.43744591382435e-05	0.000525946704067321
mcuenta_corriente_max6_delta1_lag2	0.000113200374550842	0.00174056258608301	0.000438288920056101
ctransferencias_emitidas_tend6_lag1_delta2	0.000112881639746703	0.000128293753405155	0.000350631136044881
Visa_mpagado_ratioavg6_lag1	0.000111406035836774	0.000487535621334264	0.000262973352033661
Master_fechaalta_tend6_delta2	0.000109774284889477	0.000112885334356081	0.000350631136044881
mcaja_ahorro_adicional	0.00010851510930087	0.00196828943907248	0.000262973352033661
Visa_mconsumospesos_min6_delta1_delta2	0.000108373961521741	0.000275608670853084	0.000525946704067321
mtransferencias_emitidas_tend6_delta2	0.000107726315371614	0.000167213374344976	0.000613604488078541
mactivos_margen_tend6_lag1_delta2	0.000106643454396303	0.000155011420605159	0.000525946704067321
mcaja_ahorro_min6_lag2	0.000106134776551823	7.41013454808698e-05	0.000438288920056101
Visa_mconsumospesos_avg6_delta1_lag2	0.000106067051890014	0.000149759993667216	0.000525946704067321
chomebanking_trx_max6_lag1_delta2	0.000105281018643357	0.000633143424296262	0.000613604488078541
mtransferencias_recibidas_min6	0.000104126334110086	0.000302689462080612	0.000350631136044881
cpagomiscuentas_avg6_lag1	0.000103669789938239	8.72064854691127e-05	0.000438288920056101
cmobile_app_trx_ratioavg6_delta1_delta2	0.000103373692504789	0.00050549330668862	0.000438288920056101
Visa_mconsumospesos_min6_delta1	0.000103116428516755	0.000395109767415207	0.000350631136044881
mcaja_ahorro_delta1	0.000103113990044641	0.000877958684407813	0.000438288920056101
mcuentas_saldo_max6_lag1_delta2	0.00010225045526159	0.00126628006698929	0.000613604488078541
mcaja_ahorro_tend6	0.000100428863092787	0.000294455979249404	0.000438288920056101
tmobile_app_avg6_delta1	0.000100143656147101	0.00038685347373677	0.000613604488078541
cpagomiscuentas_ratioavg6	9.98407556289761e-05	0.000178538651739906	0.000350631136044881
Visa_mpagominimo_tend6_lag2	9.92665750881328e-05	0.000164397775985551	0.000438288920056101
mautoservicio_ratioavg6_delta1	9.84752494472549e-05	0.000142422915481203	0.000525946704067321
mcuenta_corriente_delta1_delta2	9.76882335436029e-05	9.69806252524124e-05	0.000262973352033661
Master_mpagospesos_tend6_lag1	9.7240182746249e-05	0.000314871071010738	0.000350631136044881
mextraccion_autoservicio_ratioavg6	9.68354417000323e-05	8.07164911775272e-05	0.000262973352033661
chomebanking_trx_max6_delta2	9.60796979386281e-05	0.000551222890290629	0.000350631136044881
ctrx_quarter_max6_delta1_delta2	9.57625476395535e-05	0.000130044023548007	0.000350631136044881
mcuentas_saldo_lag1_delta2	9.54589808474491e-05	0.000118213208457713	0.000525946704067321
thomebanking_avg6_delta1	9.53609521317147e-05	0.00027550201472955	0.000262973352033661
mtransferencias_recibidas_tend6_lag1_delta2	9.48801574323903e-05	0.000142814398940418	0.000262973352033661
Master_mpagominimo_max6_lag1_delta2	9.47331379924139e-05	0.00203119374111042	0.000613604488078541
cplazo_fijo_ratiomax6	9.40594658791914e-05	0.000985756583322253	0.00017531556802244
cforex_sell_avg6_lag1	9.40243673559134e-05	0.000129288183042499	0.000350631136044881
cpayroll_trx_min6_delta2	9.39320573299596e-05	0.000638578571030813	0.00017531556802244
ccallcenter_trx_avg6_lag1_delta2	9.22844984011968e-05	0.00109373943505207	0.000438288920056101
mtarjeta_visa_debitos_automaticos_lag1_delta2	9.20199248242896e-05	0.000983307808046659	0.000438288920056101
internet_avg6_lag1_delta2	9.19277724637527e-05	0.000310188065725387	0.000262973352033661
mtransferencias_emitidas_delta1	9.14753844105683e-05	0.00049246646339222	0.000438288920056101
mcuentas_saldo_ratioavg6_lag1_delta2	8.92478480659698e-05	0.000167646780442343	0.000525946704067321
ccajas_consultas_avg6_lag1	8.75955366741956e-05	0.000423623326452524	0.000438288920056101
mtransferencias_recibidas_max6_delta2	8.75556191576327e-05	0.00032605023568152	0.000438288920056101
Visa_mconsumosdolares_ratioavg6_delta1_lag2	8.65451217524296e-05	6.37834444203612e-05	0.000350631136044881
mextraccion_autoservicio_tend6_lag2	8.45889392451592e-05	0.000327073024750555	0.000525946704067321
ccomisiones_mantenimiento_tend6_lag2	8.38476526254838e-05	0.000219132712168275	0.000350631136044881
mtarjeta_master_consumo_tend6_lag1	8.2942519424752e-05	0.00110503511999654	0.000262973352033661
chomebanking_trx_lag1_delta2	8.28011852475453e-05	6.8384453957561e-05	0.000438288920056101
Visa_mpagominimo_ratiomax6_delta2	8.24194451413466e-05	0.000437811056920107	0.000438288920056101
mactivos_margen_max6_lag1_lag2	8.04237033449954e-05	5.67096157415684e-05	0.000438288920056101
mcomisiones_otras_delta1_lag2	7.75498551788437e-05	7.64557948206214e-05	0.000350631136044881
mtarjeta_visa_debitos_automaticos_max6_delta2	7.71485863330288e-05	0.000757923690718635	0.000701262272089762
Visa_mconsumosdolares_ratioavg6_lag1	7.65986878851211e-05	8.97403390397802e-05	0.000350631136044881
ccuenta_debitos_automaticos_avg6_delta1	7.41317369287923e-05	0.00165831838465047	0.000438288920056101
mactivos_margen_ratiomax6_lag1_delta2	7.20420354470795e-05	8.70159840692742e-05	0.000613604488078541
mcomisiones_ratioavg6_delta1	7.19931622434664e-05	8.42645026858463e-05	0.000438288920056101
mcuenta_corriente_min6_lag1_delta2	7.04994481779873e-05	0.000101344895185929	0.000262973352033661
mtarjeta_visa_debitos_automaticos_max6_lag2	6.97031976781339e-05	7.21241998844877e-05	0.000438288920056101
ctrx_quarter_min6_lag1_delta2	6.93527634649423e-05	0.000161865771943037	0.000350631136044881
mv_Finiciomora_lag1	6.83146600431184e-05	0.000108318849344419	8.76577840112202e-05
matm_tend6_delta1	6.78067883318777e-05	8.82668816106086e-05	0.000262973352033661
internet_tend6_lag1_lag2	6.57150079005258e-05	0.000116006104860879	8.76577840112202e-05
mcuenta_corriente_max6_delta1_delta2	6.41288640222259e-05	0.00024703900946177	0.000262973352033661
mtransferencias_emitidas_avg6_delta1	6.3707173458076e-05	0.000381563206707597	0.000262973352033661
mrentabilidad_annual_min6_delta1_lag2	6.22046621803343e-05	4.68078585156584e-05	0.00017531556802244
Visa_cconsumos_lag1_delta2	6.18234446848115e-05	3.05091999152361e-05	0.000262973352033661
ctransferencias_emitidas_ratiomax6_delta1_lag2	6.111324453774e-05	4.35169314207137e-05	0.000262973352033661
mextraccion_autoservicio_avg6_delta1_lag2	6.04509999297559e-05	0.000302148166840941	0.000262973352033661
Visa_fechaalta_avg6_delta1_delta2	5.99565231421071e-05	0.00035088323369283	0.000350631136044881
Master_mpagado_avg6_delta1	5.97322670727741e-05	0.000402846343682435	0.000262973352033661
Visa_mconsumosdolares_ratioavg6_delta1_delta2	5.9283457085682e-05	0.000375221174668314	0.000613604488078541
ccajas_consultas_tend6_delta1_lag2	5.87900708441454e-05	8.10672850173593e-05	0.00017531556802244
cmobile_app_trx	5.75264429071914e-05	3.21830228943997e-05	0.000262973352033661
Master_msaldototal_ratiomax6_lag2	5.72172200706004e-05	7.25588390006241e-05	0.00017531556802244
mtransferencias_recibidas_lag1_lag2	5.70182760993851e-05	8.01721133909337e-05	0.000262973352033661
mtarjeta_visa_debitos_automaticos_max6	5.4128942405064e-05	8.02528761203151e-05	0.000262973352033661
internet_tend6_delta1_lag2	5.41114755373646e-05	0.000108146226716733	0.00017531556802244
mprestamos_personales_avg6_lag2	5.01006589918237e-05	3.70189225071285e-05	0.00017531556802244
ctrx_quarter_max6_delta1	4.98805271519469e-05	0.000168657855833072	0.000262973352033661
mtransferencias_emitidas_avg6_delta1_lag2	4.80541405137929e-05	0.000117202749576369	0.000262973352033661
cextraccion_autoservicio_avg6_lag2	4.6758351583663e-05	5.35364419390805e-05	0.000262973352033661
mpasivos_margen_avg6_delta1_lag2	4.5437092080628e-05	2.1981025598194e-05	0.00017531556802244
mextraccion_autoservicio_tend6	4.48767088825e-05	0.000271425038169252	0.000438288920056101
ccomisiones_mantenimiento_tend6_delta2	4.46126683571511e-05	9.07791573528154e-05	0.00017531556802244
mcuenta_corriente_min6_delta1_lag2	4.45904890093539e-05	9.6851774791033e-05	8.76577840112202e-05
ctransferencias_emitidas_avg6_lag1_delta2	4.33427799376545e-05	0.000363819450109695	0.000350631136044881
cmobile_app_trx_min6_delta1	4.21030532037737e-05	0.000649736157873134	8.76577840112202e-05
mextraccion_autoservicio_tend6_delta2	4.16933024765298e-05	6.03901767675744e-05	0.000350631136044881
tpaquete9_avg6	4.07518942512371e-05	0.000272940418236576	0.000262973352033661
mpayroll_tend6_delta2	3.99167628768429e-05	8.21461764403929e-05	0.00017531556802244
mprestamos_personales_avg6_delta1_delta2	3.96133524551622e-05	0.000407090394285957	0.00017531556802244
Visa_fultimo_cierre_ratioavg6_lag1_lag2	3.79735046440889e-05	7.4826977026533e-05	0.000350631136044881
internet_tend6_lag1	3.79232601236597e-05	9.36884651386985e-05	0.000262973352033661
mpayroll_max6_lag1_delta2	3.6040421010694e-05	1.13345250356986e-05	8.76577840112202e-05
ctrx_quarter_min6_delta1_delta2	3.49015483438675e-05	7.95340261778824e-05	0.000262973352033661
cprestamos_personales_delta2	3.28768433780671e-05	8.84469023509091e-05	8.76577840112202e-05
Visa_mconsumosdolares_ratiomax6_lag1_lag2	3.08991634987708e-05	4.30033791033497e-05	0.00017531556802244
internet_tend6_delta1	3.00311710255253e-05	3.97734864374794e-05	8.76577840112202e-05
ccajas_depositos_ratioavg6_delta1_delta2	2.90162170632471e-05	0.000329217860899546	0.00017531556802244
Visa_cconsumos_min6_lag1_delta2	2.88063551666006e-05	4.15792424249453e-05	0.00017531556802244
Visa_Fvencimiento_ratiomax6_delta2	2.80080012741122e-05	0.000263029413369897	0.00017531556802244
mautoservicio_avg6_delta1_lag2	2.78369242606388e-05	2.23879217920239e-05	8.76577840112202e-05
Visa_mconsumosdolares_min6	2.43965347182761e-05	0.000112874853696543	0.00017531556802244
mprestamos_personales_ratiomax6_delta1	2.43111474019904e-05	2.04878398687156e-05	8.76577840112202e-05
Visa_delinquency_tend6_delta2	2.15912227699568e-05	0.000109195525689306	8.76577840112202e-05
mextraccion_autoservicio_tend6_lag1	1.85003499381341e-05	0.000130944743758894	0.000262973352033661
mprestamos_personales_tend6_delta1_delta2	1.74509302186092e-05	4.49404515897334e-05	0.00017531556802244
mprestamos_personales_delta1	1.59219667631493e-05	5.97144824820631e-05	8.76577840112202e-05
ccomisiones_otras_ratiomax6_delta1_lag2	1.50374524434607e-05	6.13913880081496e-05	0.00017531556802244
mcomisiones_mantenimiento_max6_delta1_delta2	1.40603856103496e-05	9.75132893606987e-05	8.76577840112202e-05
mpayroll_ratioavg6_delta2	1.34964549403427e-05	3.21028766744029e-05	0.00017531556802244
mpayroll_sobre_edad_lag2	1.23911300424889e-05	5.79734599799792e-05	0.00017531556802244
ctrx_quarter_max6_delta2	7.87282866491286e-06	2.7810738338883e-05	8.76577840112202e-05
mcaja_ahorro_delta2	2.79095533043433e-06	1.60736326750467e-05	8.76577840112202e-05
mcaja_ahorro_adicional_lag2	1.8875545067981e-06	0.000224318172602067	8.76577840112202e-05
