Feature	Gain	Cover	Frequency
mcaja_ahorro	0.0459280484287426	0.00318208447502655	0.00188788066588095
ctrx_quarter	0.0440414954896507	0.00305366652125289	0.0015798014680332
ctrx_quarter_min6	0.037127496661953	0.00383805707440659	0.00108185950872115
ctrx_quarter_normalizado	0.0336508340679143	0.00342483775124678	0.00172667643444899
mdescubierto_preacordado_avg6_delta1	0.0250588476717149	0.000453140092965579	0.000211356658988569
mdescubierto_preacordado_tend6	0.0178911865948666	0.000418374577550855	0.000150457282669829
mcaja_ahorro_lag1	0.017526527863756	0.00101971221085816	0.000831097370938101
ctrx_quarter_lag1	0.015270768456358	0.00138492175242302	0.00123948142389906
mtarjeta_visa_consumo	0.0141774396259942	0.00325644340853475	0.00127888690269354
mcuentas_saldo	0.0126288133934606	0.00287658370645932	0.00281928289193227
mprestamos_personales_ratiomax6	0.0124037585803489	0.00177054276364998	0.00104245402992667
cpayroll_trx	0.0100812103026138	0.00327665574261291	0.000537347438106531
mpayroll	0.00981466117637839	0.004803405039463	0.000702133985792534
mv_status06_delta2	0.00899019101017661	0.00138192555003929	0.000279420667815396
mpasivos_margen_max6	0.00841242552598495	0.000979064892632832	0.00118216436383437
mcaja_ahorro_ratiomax6	0.00834186614193997	0.00125822700837424	0.00214580743617208
mv_status04	0.00685019382634759	0.000365544557900205	0.00023285055651283
mpayroll_sobre_edad	0.00627610834084249	0.00421652543047394	0.000619740711949532
mpasivos_margen	0.00587187144888267	0.00173314643144803	0.00175175264822729
mprestamos_personales_ratioavg6	0.00581763790714431	0.00354825203662729	0.00109618877373732
Visa_status_max6	0.00580680077228265	0.00102977415446835	0.000422713317977138
Visa_msaldopesos	0.00577796348777488	0.00195706179958126	0.00138277407406081
ctarjeta_visa_trx	0.00577206365643222	0.00190250883051367	0.00101021318364028
cpayroll_trx_ratioavg6	0.00558883134175037	0.00287247786911872	0.000820350422175971
mv_msaldopesos	0.00533545499684404	0.00143756041680521	0.000702133985792534
mcaja_ahorro_ratioavg6	0.00511157966225019	0.00177909798698276	0.00238224030893895
cproductos_ratioavg6	0.00510057879995185	0.00605515830474182	0.00130754543272589
mprestamos_personales	0.00508946758003342	0.00261530763939059	0.000849008952208319
mdescubierto_preacordado	0.0049808657484825	0.000785119588960373	0.000415548685469051
mpasivos_margen_max6_lag1	0.00472309110868789	0.000817911999015457	0.00108902414122924
mdescubierto_preacordado_tend6_delta1_delta2	0.00471075104979882	0.000936278595035676	0.000340320044134136
mcuenta_corriente_avg6_delta1	0.00431900855465617	0.000568970537524102	0.000949313807321538
mpayroll_ratioavg6	0.00422338445441395	0.00194174293686287	0.000745121780841056
mv_mpagospesos	0.00421839049948354	0.0013449509745672	0.000669893139506142
mcuentas_saldo_min6_delta2	0.00418056284646536	0.00131842816832628	0.00150099051044424
mcaja_ahorro_max6	0.0038122037736575	0.0011467149859845	0.00139710333907698
mv_msaldototal	0.00371274918124364	0.000848827935807626	0.000548094386868662
ctarjeta_visa_ratioavg6	0.00367142076825377	0.000427294810479766	0.000114634120129393
ctarjeta_visa_tend6	0.00356673552769675	0.000344102181975429	5.37347438106531e-05
mtarjeta_visa_consumo_min6	0.00353387429873194	0.00107928785079945	0.000770197994619361
mcuenta_corriente	0.00351950667956526	0.00350349182382353	0.00207057879483717
mv_status07	0.00345901324674239	0.000533278152258529	0.000168368863940046
foto_mes	0.00342796642124515	0.00333752806323676	0.00270464877180287
mcuenta_corriente_min6_delta2	0.00338708117536593	0.000724331868421203	0.000960060756083669
cproductos_ratiomax6	0.00337866540769412	0.000510869108289222	0.000566005968138879
ctarjeta_visa_trx_ratioavg6	0.00317951235254007	0.00171101143390689	0.0012502283726612
mes	0.00300995470965414	0.00232603750553133	0.00218521291496656
ctrx_quarter_min6_lag1_lag2	0.0029876934339516	0.00137007031601867	0.0011929113125965
ctrx_quarter_ratioavg6	0.00247747387758921	0.000852648041785295	0.00189862761464308
mpayroll_ratiomax6	0.00245315124148909	0.00126180832518981	0.000480030378041834
mcaja_ahorro_dolares_delta1	0.00241097889597586	0.00370624401077298	0.00124664605640715
mprestamos_personales_ratiomax6_delta2	0.0023458921652227	0.000614957147863146	0.000548094386868662
mtarjeta_visa_consumo_ratioavg6	0.00232846241609246	0.000970011150647205	0.000988719286116017
mcuentas_saldo_ratioavg6	0.00224906118500082	0.00304765207707875	0.00319184378235279
cproductos_tend6	0.00221899270683286	0.000535417131630359	0.000594664498171228
mactivos_margen	0.00217394171212711	0.00215393209695078	0.00213864280366399
mtarjeta_visa_consumo_avg6_delta1	0.00215968902753739	0.00402590524274522	0.000995883918624104
mprestamos_personales_min6	0.00214612119791485	0.000562113563275841	0.000272256035307309
ctarjeta_visa_trx_ratiomax6	0.00212389121114274	0.00113253274348076	0.00098155465360793
mcuentas_saldo_avg6_delta1	0.00210020841770582	0.000874863937253574	0.00123948142389906
mcuentas_saldo_ratiomax6	0.00207083517044793	0.00146044458063471	0.00244672200151174
mtransferencias_recibidas	0.0020581684369318	0.0017847406824771	0.00104961866243476
mcomisiones_mantenimiento_avg6_delta1	0.00203628680307307	0.00203440548192326	0.00132545701399611
ctrx_quarter_ratiomax6	0.00202868523156935	0.000924608700277504	0.00172667643444899
mprestamos_personales_avg6_delta1	0.00201383988233546	0.00126949926827286	0.000605411446933358
mv_msaldopesos_lag1	0.00198703181673999	0.000469716272019424	0.000458536480517573
mtarjeta_visa_consumo_ratiomax6	0.00197742285988682	0.000567592553990932	0.000820350422175971
ccaja_ahorro	0.00194432266546136	0.00472496673325607	0.000942149174813451
mdescubierto_preacordado_min6_delta1_delta2	0.00191209645934251	0.000614676767274801	0.000197027393972395
ctarjeta_visa_trx_avg6_delta2	0.00187945774812943	0.000856837987517779	0.000952896123575582
mvr_msaldopesos	0.00176084800022154	0.00181218333025414	0.00130754543272589
ccomisiones_mantenimiento_avg6_delta1	0.00172500409981879	0.000673034541997045	0.000411966369215007
ccomisiones_mantenimiento_tend6	0.00171862670599622	0.00130518422030022	0.000626905344457619
cpayroll_trx_lag1	0.00170073461497628	0.000268452149944102	0.000107469487621306
cproductos	0.0016295426273411	0.00163710384546585	0.00132545701399611
ccaja_ahorro_max6	0.00162114031861428	0.00208903324614264	0.000863338217224493
mvr_mpagospesos	0.00156539125510535	0.000971502715217143	0.00115350583380202
cprestamos_personales_ratioavg6	0.0015553839091916	0.00208104401906871	0.00068780472077636
mdescubierto_preacordado_delta1	0.00149356366473561	0.000791111010342239	0.000229268240258787
cproductos_ratiomax6_delta2	0.00149093523637045	0.00117895427056284	0.000587499865663141
tcallcenter_tend6	0.00145756082534754	0.0049979758631462	0.00120724057761267
mvr_mpagominimo	0.00145482213126333	0.00132612616864716	0.00123589910764502
mpagomiscuentas	0.00145431087688831	0.00373592530694469	0.000694969353284447
ccomisiones_mantenimiento_ratioavg6	0.00144112249510048	0.00105380222713519	0.00109618877373732
mprestamos_personales_ratiomax6_lag1	0.00143900806573293	0.000589689806878914	0.000530182805598444
mactivos_margen_min6	0.00143875366643008	0.00141669942423161	0.00172667643444899
mprestamos_personales_tend6	0.00143734289727361	0.00126212243011961	0.000505106591820139
Visa_mfinanciacion_limite	0.00139183173983235	0.0020872363981902	0.00295541090958592
mactivos_margen_ratioavg6	0.00136713241081913	0.00152475238777432	0.00247179821529004
mcuenta_corriente_ratioavg6	0.00134437311370946	0.000874277492358866	0.00241806347147939
mprestamos_personales_avg6_lag1_lag2	0.00132153611741908	0.000360576146773113	0.000383307839182659
mcuentas_saldo_min6	0.00129956051244814	0.00321823566752061	0.00164070084435194
mv_mpagominimo	0.00128549081465473	0.00108600674614027	0.000673475455760185
mvr_msaldototal	0.00128373135453228	0.000765864089070754	0.000942149174813451
numero_de_cliente	0.0012822698239045	0.00163251045132953	0.00323841389365536
mcuentas_saldo_tend6	0.00126661570991087	0.000982507812386794	0.00133620396275824
mcuentas_saldo_min6_delta1	0.00126365171281858	0.00105817858228503	0.000899161379764928
cpayroll_trx_min6	0.00124123459808724	0.000777491351170867	0.000146874966415785
Master_status_max6	0.00120328204676108	0.00141543366234923	0.000437042582993312
mcuenta_corriente_min6	0.00116897256571551	0.00100477736021647	0.00197743857223203
Master_mfinanciacion_limite	0.00113710665373293	0.00145935918324057	0.00222820071001508
mpasivos_margen_ratioavg6	0.00110919666070644	0.000853097853927853	0.00198460320474012
ctrx_quarter_ratiomax6_delta1	0.00110391844894603	0.00181744661244562	0.00206341416232908
mrentabilidad_avg6_lag1_lag2	0.0011011479257702	0.000514746453093416	0.00111768267126158
mcuenta_corriente_ratioavg6_lag1	0.00109678098166296	0.000892856394032767	0.00220312449623678
mcaja_ahorro_ratiomax6_lag1	0.00109270075115737	0.000574876317589474	0.00160129536555746
mpasivos_margen_avg6	0.00106928267671346	0.00135605406321955	0.00106036561119689
mpayroll_min6	0.00106765840302031	0.0017135304628899	0.000415548685469051
mcomisiones_mantenimiento_ratioavg6	0.00106453713545222	0.00152105829976894	0.00148666124542807
mprestamos_personales_ratioavg6_lag1	0.00105966047644201	0.000481208925984798	0.00051585354058227
mactivos_margen_avg6	0.00104897463692006	0.00136892299425485	0.00141143260409315
mcuenta_corriente_min6_lag1_lag2	0.00104796520844529	0.00171756124477076	0.0018592221358486
mpasivos_margen_min6	0.00103685540273534	0.00137896370830533	0.00120365826135863
Visa_Finiciomora	0.00102228482928002	0.00244327080749408	0.000462118796771617
mv_fechaalta_lag1_lag2	0.00101960731195448	0.00108513355757392	0.00185563981959455
cproductos_min6_delta2	0.00101880157667548	0.000326961568510446	0.000211356658988569
mv_fechaalta_lag2	0.00101244873503205	0.00113660349709394	0.00179474044327581
mrentabilidad_avg6_lag1	0.00100964984984298	0.000833679054182468	0.00103170708116454
ctrx_quarter_ratioavg6_lag1_lag2	0.00100662904581179	0.000746423163149376	0.00179115812702177
mactivos_margen_tend6	0.00100190554543586	0.00228598797005821	0.00160129536555746
chomebanking_trx	0.000993333563226669	0.00211985069975931	0.00187355140086477
mrentabilidad_ratiomax6	0.000988483809535582	0.00143542513959093	0.00204550258105886
chomebanking_trx_delta1	0.000984070510457413	0.00151731897602598	0.00137560944155272
mrentabilidad_max6_lag2	0.000981976264084863	0.000550260874488544	0.00120724057761267
cproductos_avg6_delta1	0.000979376188239488	0.001765063801858	0.000555259019376749
Visa_fechaalta_tend6	0.000976507915684007	0.000815579957911916	0.00115708815005606
thomebanking	0.000972815463736447	0.000816718660590188	0.000795274208397666
mcuenta_corriente_ratioavg6_lag1_lag2	0.000970811480521807	0.000866177316250809	0.00183772823832434
ctrx_quarter_delta1	0.000963202764856931	0.00119845966608721	0.00155830757050894
ctrx_quarter_ratioavg6_lag1	0.000957215055123716	0.000608656683095013	0.00160129536555746
cliente_antiguedad_ratioavg6_delta1_delta2	0.000955627423796062	0.00109381092318281	0.00211714890613973
Visa_fechaalta_ratioavg6	0.000945727773821514	0.000704638414862435	0.00181623434080007
cliente_edad_min6_lag1_lag2	0.000945425153951319	0.0013916429037661	0.00175533496448133
mcuenta_corriente_avg6	0.000942057078404678	0.000921677430266459	0.00153323135673064
cliente_edad_avg6_lag1_lag2	0.000937541995997987	0.00139887541562103	0.00195594467470777
mrentabilidad_annual_ratiomax6_lag2	0.000927808185056721	0.00110275692659906	0.0014400911341255
ctrx_quarter_ratiomax6_lag1	0.00091272204815117	0.000600812042627356	0.00170876485317877
thomebanking_ratioavg6	0.00090764817923233	0.000684238167365417	0.000913490644781102
mcuentas_saldo_lag1	0.000907612653673531	0.00178466747809613	0.00160129536555746
mcuentas_saldo_avg6_delta2	0.000905671837741271	0.000758412542535035	0.00126097532142333
mpayroll_min6_delta2	0.000905400159379093	0.00536862824154381	0.000934984542305364
Visa_cconsumos_ratioavg6	0.000905023087472745	0.000974655680834715	0.00121440521012076
Master_Fvencimiento_max6_lag2	0.000903302802557973	0.00101937571944442	0.00209565500861547
mrentabilidad_avg6	0.000901942618669263	0.000690776061909672	0.000960060756083669
ccallcenter_trx_ratioavg6	0.000894683322228718	0.000615129356035522	0.000723627883316795
mrentabilidad_annual_ratioavg6_lag1_lag2	0.000893917299943757	0.00080644635923097	0.0018592221358486
mactivos_margen_delta1	0.000891854388796621	0.00198607523231522	0.00153681367298468
mactivos_margen_ratioavg6_lag2	0.000891760367176881	0.00107446298504682	0.00216730133369634
mtarjeta_visa_consumo_tend6	0.000889848470202056	0.000359303530114643	0.000619740711949532
mrentabilidad_annual	0.000889257962621272	0.000833586818397834	0.00178757581076773
cliente_antiguedad_ratioavg6	0.000886398592916565	0.00113760805440717	0.00192728614467542
cprestamos_personales	0.000884453179199925	0.000945674179209632	0.000257926770291135
chomebanking_trx_max6_lag1_lag2	0.000882557703562994	0.00100659242972561	0.00176608191324347
mcuenta_corriente_ratioavg6_delta1	0.000879421022584107	0.00161994720860022	0.00212431353864782
cliente_edad_min6_lag2	0.000878996517831765	0.00143689796198826	0.00183414592207029
mactivos_margen_ratioavg6_lag1	0.000877227948471465	0.000882057605377318	0.00223536534252317
Visa_fultimo_cierre_avg6	0.000875615352758241	0.000985407932212812	0.00170876485317877
ctrx_quarter_ratiomax6_lag1_lag2	0.000873714830405493	0.00065186528696104	0.00168727095565451
mv_Fvencimiento	0.000872683322623199	0.000870761888839842	0.00222820071001508
mcuenta_corriente_min6_lag2	0.000870950891945698	0.00107396229716103	0.00150099051044424
mtarjeta_visa_debitos_automaticos_ratioavg6	0.000870618928783298	0.00219984344936834	0.00134695091152037
mcomisiones_mantenimiento_avg6_delta2	0.000870159830436272	0.000765452860351433	0.000841844319700232
ctrx_quarter_avg6_delta1_lag2	0.000868150140143399	0.00141164814840619	0.00168368863940046
mrentabilidad_annual_tend6_lag1_lag2	0.000867187154782058	0.000848716900004175	0.00155114293800085
mcuenta_corriente_ratiomax6	0.000865541184721533	0.000906125910084424	0.00192012151216734
cliente_antiguedad_ratioavg6_lag2	0.000865169285790886	0.00103722651085104	0.00201684405102651
mprestamos_personales_avg6_lag2	0.000862860356658809	0.000368495987316044	0.000336737727880093
mrentabilidad_annual_delta1	0.000862773079974652	0.000917158918051243	0.0018019050757839
mcomisiones_mantenimiento	0.000862364744715156	0.00186748818438203	0.00103887171367263
mcuentas_saldo_ratioavg6_delta1	0.000862091128743338	0.00109083444635728	0.00207057879483717
Master_mfinanciacion_limite_lag1	0.000857839098113643	0.00382268698886771	0.00192012151216734
Visa_Fvencimiento_max6_lag2	0.000856714480184153	0.000775114537099433	0.00187713371711881
chomebanking_trx_tend6_delta2	0.000854449160266552	0.0015594876496203	0.00144725576663359
cliente_edad_min6	0.00085113147109116	0.00128381024752083	0.00176966422949751
mrentabilidad_ratioavg6	0.000848147345033838	0.000538083841991972	0.00173742338321112
cprestamos_personales_avg6_lag1_delta2	0.000847678644384663	0.00568093143538162	0.000651981558235924
mcuenta_debitos_automaticos	0.00084470740218936	0.00234724632737617	0.000823932738430014
cliente_edad	0.000842358925116438	0.00125890609397707	0.0021064019573776
Visa_msaldopesos_ratioavg6	0.000841293338949272	0.000962664132216115	0.00139352102282294
cproductos_min6_delta1	0.000841272928584587	0.000449075471050849	0.000243597505274961
mcuentas_saldo_avg6_delta1_lag2	0.000840345793421554	0.000552800988415744	0.0011355942525318
Master_fechaalta_tend6	0.000839960090964206	0.000339027565203567	0.000891996747256841
Master_Fvencimiento_avg6_lag2	0.000839903616396717	0.00097570316003706	0.00195952699096182
ctrx_quarter_ratioavg6_lag2	0.000837181881522638	0.000762968336633723	0.0017195118019409
mcuenta_debitos_automaticos_ratiomax6	0.000836382643392179	0.00260434902165208	0.00122873447513693
Master_fultimo_cierre_avg6	0.000834473021467114	0.000828708039975848	0.00184489287083242
Visa_Fvencimiento_ratioavg6_lag2	0.000831267034537992	0.00078711059772255	0.00202759099978864
mcomisiones_otras_ratiomax6	0.000825856390126925	0.000863113202414484	0.00159054841679533
Visa_mfinanciacion_limite_lag2	0.000824797663588284	0.00119692416731945	0.00168010632314642
cproductos_ratioavg6_delta1	0.000823709479378535	0.00100552927419988	0.000601829130679315
Visa_Fvencimiento_max6_lag1	0.000822620654930868	0.000932955272324505	0.00186280445210264
mpasivos_margen_min6_lag1_lag2	0.000820629464634667	0.000946248418553661	0.00119649362885054
thomebanking_avg6	0.000815910472329769	0.000785391292616956	0.00123231679139098
Master_Fvencimiento_ratioavg6_lag2	0.000815299375577889	0.000801527580153559	0.00195952699096182
ctrx_quarter_avg6_lag1_delta2	0.000814781402493054	0.00072929469738886	0.00128963385145567
Master_Fvencimiento_avg6_delta2	0.000813027807831684	0.00192815434110721	0.00160129536555746
mpasivos_margen_ratiomax6	0.000812708417022102	0.000496634688502491	0.0015798014680332
ctrx_quarter_ratiomax6_delta2	0.000804670527633443	0.000487001125013401	0.00149024356168211
mrentabilidad_annual_max6_lag1_lag2	0.000802416150583463	0.000960982947764064	0.00165861242562216
mpasivos_margen_min6_lag2	0.000802156487962352	0.000839672558027956	0.00111768267126158
Master_Fvencimiento_max6_lag1_lag2	0.00080129615343944	0.000797764221309615	0.00184847518708647
mcomisiones_avg6_lag1_lag2	0.000800976106539039	0.00278280522120498	0.0015547252542549
Master_fechaalta_ratioavg6_delta2	0.000799662560729659	0.00074551989455292	0.0017445880157192
Master_fechaalta_ratioavg6_lag1_lag2	0.000796438729633176	0.00118098033412934	0.00183414592207029
cproductos_avg6	0.000795476710834083	0.00129930027717978	0.00156905451927107
mcuenta_corriente_tend6	0.000794558726429843	0.000617436436498693	0.00132187469774207
mcaja_ahorro_ratioavg6_delta1	0.000794471526857559	0.00079070151700927	0.00181265202454603
mrentabilidad_max6_lag1_lag2	0.000793733650250433	0.000797360743982669	0.00134336859526633
mv_Fvencimiento_lag1	0.000791011609467043	0.000705079405457701	0.00183414592207029
mcuentas_saldo_lag2	0.000790781644077258	0.00124646218798259	0.00146874966415785
mprestamos_personales_min6_lag2	0.000789503970639911	0.000239275648739215	0.00017195118019409
mtransferencias_recibidas_avg6_delta2	0.000787058943419279	0.00143062329663057	0.00116067046631011
chomebanking_trx_ratioavg6	0.000786987399814494	0.000717846237929263	0.0017445880157192
Master_mfinanciacion_limite_min6_lag1_lag2	0.000786264234986189	0.00102043673466031	0.00187713371711881
Visa_mpagominimo_avg6	0.000786045115215591	0.000968601149235831	0.00136844480904463
Master_fechaalta_ratioavg6	0.000782289948622716	0.000775258574166687	0.00183772823832434
Visa_Fvencimiento_tend6	0.000780712597805041	0.000615381565518746	0.0011355942525318
mcomisiones_max6	0.000780441230377085	0.0017202118449624	0.00165861242562216
ccomisiones_otras_ratioavg6	0.000779482884471043	0.000770499421710597	0.00186996908461073
mcomisiones_otras_max6_lag2	0.000779220763171992	0.000869639643408813	0.00152606672422255
mvr_msaldopesos2	0.000777185378796154	0.00181936568944348	0.00180906970829199
mcomisiones_mantenimiento_tend6	0.000773939405261811	0.00212781898650458	0.0013326216465042
mcuenta_corriente_ratioavg6_lag2	0.000773883598119218	0.000732821118149481	0.00180906970829199
mv_Finiciomora	0.0007682539624607	0.00142903712458131	0.000347484676642223
cliente_edad_min6_lag1	0.000763145637877936	0.00125280294263721	0.00154756062174681
mrentabilidad_annual_ratiomax6_lag1_lag2	0.000762441072498724	0.000611976766418327	0.00154039598923872
Visa_fechaalta_ratioavg6_lag1_lag2	0.000762254584536725	0.000949811600581848	0.00162278926308172
mcomisiones_ratiomax6	0.00076098477875724	0.000868349672886818	0.00169443558816259
mrentabilidad_annual_ratioavg6	0.000760595993058647	0.000625761258370076	0.00185563981959455
mcuenta_corriente_avg6_lag1_lag2	0.000757615504172444	0.000633981233982664	0.00135411554402846
mprestamos_personales_avg6_delta2	0.000757068295329504	0.000378463988678359	0.000458536480517573
mactivos_margen_lag1	0.000756641339109986	0.000730103792352589	0.00140785028783911
Master_mlimitecompra	0.00075558930241546	0.0010125396276786	0.00188071603337286
mcomisiones_otras_min6	0.000755507246329054	0.00082350405015141	0.00146158503164976
ctarjeta_visa_trx_tend6	0.00075128675601272	0.000434098045597313	0.000630487660711663
Master_Fvencimiento_avg6_lag1	0.000750525712219941	0.000856362144579935	0.00180548739203794
ccallcenter_trx_tend6	0.000749951088479661	0.00261741532396187	0.00108544182497519
mrentabilidad_annual_ratioavg6_delta1	0.000749926734104058	0.000814719755820108	0.00184847518708647
mactivos_margen_ratiomax6	0.000748968666297408	0.00336709294390733	0.00168727095565451
mcaja_ahorro_dolares_ratioavg6	0.000747292129178873	0.00155752073380531	0.00174817033197325
mcomisiones_otras_min6_lag1_lag2	0.000746111170254854	0.000644334259730378	0.00154039598923872
Visa_Fvencimiento_ratioavg6_delta1_lag2	0.000745063578388359	0.000704702884465429	0.00179832275952986
ctransferencias_recibidas_avg6	0.000744900588611189	0.00188478573461949	0.00148666124542807
mcuentas_saldo_lag1_lag2	0.000740174599765394	0.00103896866521027	0.00149382587793616
mcuenta_corriente_ratioavg6_delta2	0.000737130993079814	0.000769984069810128	0.00191653919591329
Master_Fvencimiento	0.000736996412966439	0.00215865315767644	0.00189504529838903
mcuenta_corriente_ratiomax6_lag2	0.000736326441229472	0.00116796586202528	0.00167294169063833
mv_fechaalta_lag1	0.000736084327637537	0.000865245095625374	0.00151173745920637
chomebanking_trx_avg6_lag1_lag2	0.000734478517431165	0.000854825431041726	0.00140785028783911
ccaja_ahorro_max6_delta2	0.00073373922577528	0.00234472929408746	0.000247179821529004
mcomisiones_otras_ratioavg6_lag1_lag2	0.00073255481870415	0.000688969524716762	0.00183414592207029
mcuentas_saldo_ratiomax6_delta1	0.000731219606545118	0.000892110814209539	0.00197385625597799
ccaja_seguridad	0.000730852157982122	0.0022438005832144	0.000411966369215007
mcuenta_corriente_avg6_delta1_lag2	0.000730820717985201	0.00170142669262051	0.00123948142389906
mrentabilidad_annual_min6	0.000728262594981533	0.000739082970571272	0.00117858204758032
mrentabilidad_ratioavg6_lag1_lag2	0.00072074561153586	0.000685564725616343	0.00173384106695707
mrentabilidad_avg6_lag2	0.000718366630703438	0.000447391509980634	0.000927819909797277
Visa_msaldototal_ratioavg6	0.000717335048127015	0.00103231808624553	0.00143292650161742
Visa_fechaalta_ratioavg6_delta2	0.000716453999139441	0.000668173956208654	0.00162278926308172
Visa_msaldototal_ratiomax6	0.00071493180741084	0.00230365356681792	0.00142576186910933
mcaja_ahorro_delta2	0.000714443645378891	0.000581478479274982	0.000899161379764928
mcuentas_saldo_ratioavg6_delta2	0.000713265740368327	0.000790839595916714	0.00173384106695707
ccomisiones_otras_avg6_lag1_lag2	0.000708916248520205	0.00227731959953526	0.00162995389558981
mcuentas_saldo_tend6_delta1_delta2	0.000707767472524897	0.000805985585231286	0.00142576186910933
mcaja_ahorro_ratiomax6_lag2	0.000705220875340129	0.000596187816460169	0.00161920694682768
mcuentas_saldo_delta1	0.000704868753651586	0.00168169720087182	0.00164428316060598
mcaja_ahorro_dolares_avg6_delta2	0.000704678336515716	0.000592936801513683	0.000784527259635535
mcaja_ahorro_dolares	0.000704540926895886	0.0012777466051436	0.000863338217224493
mcomisiones	0.000702821806981066	0.000944030623718324	0.00181981665705412
mcuentas_saldo_ratioavg6_lag1_lag2	0.000700441376382469	0.000676185830074476	0.00186638676835668
mcaja_ahorro_min6_delta1	0.000694033969705186	0.00351975083209836	0.000834679687192145
mcaja_ahorro_ratioavg6_lag1	0.000693208779348997	0.000589461516804248	0.0016371185280979
mprestamos_personales_ratiomax6_lag1_delta2	0.000692404830926308	0.000541592388273162	0.000361813941658397
Visa_mpagominimo_max6_lag1_lag2	0.0006912821887752	0.000773689755980958	0.00137202712529868
mvr_mconsumospesos	0.000691149553546389	0.000973236828952944	0.0012753045864395
mcuenta_corriente_delta2	0.000688829294824579	0.0029869329043005	0.00116067046631011
mcaja_ahorro_ratioavg6_delta1_delta2	0.000688377788794836	0.00109331781315076	0.00168727095565451
Master_Fvencimiento_tend6	0.000685367679112558	0.000453187555782319	0.0010281247649105
mvr_Master_mlimitecompra	0.000685311007450818	0.00078319122764552	0.00188071603337286
Visa_mpagominimo_min6	0.000683728160260722	0.00112699738163233	0.00099230160237006
cliente_edad_avg6	0.000683480169100404	0.00110114362467649	0.00156547220301703
mcaja_ahorro_ratioavg6_delta2	0.000683121628015482	0.000677530928036267	0.00161920694682768
mcuenta_corriente_avg6_lag1_delta2	0.000682856107124306	0.00100203449531709	0.00120365826135863
mcomisiones_otras_ratioavg6_lag2	0.000682326648951329	0.00120509641980735	0.00180906970829199
mpayroll_sobre_edad_lag1	0.000682247685068626	0.000671242177126013	0.000275838351561353
cliente_edad_avg6_lag2	0.00068221513821502	0.000988701117047663	0.00146516734790381
mpasivos_margen_ratiomax6_lag1	0.000682213819828185	0.000567035899895275	0.00184847518708647
Master_fultimo_cierre_avg6_lag1	0.0006807326914471	0.0010608391609482	0.00165861242562216
mtransferencias_emitidas_max6	0.000678623418101103	0.00136479422089129	0.00122873447513693
ccallcenter_trx_ratiomax6	0.000678437041293805	0.000535279775800562	0.0005266004893444
mcuenta_corriente_ratioavg6_delta1_lag2	0.000677122817831723	0.000546266420028664	0.00165503010936812
ccaja_ahorro_ratioavg6_delta1_delta2	0.000675720618405953	0.00406359887555244	0.000490777326803965
mcomisiones_ratioavg6_lag2	0.000674217715501788	0.00191880937236853	0.00168727095565451
mrentabilidad_annual_ratioavg6_lag2	0.000672546763472157	0.00061485637976228	0.00154397830549277
mactivos_margen_max6	0.000672221181706186	0.00070655772324515	0.00115350583380202
mrentabilidad_annual_ratioavg6_lag1	0.000666343282035827	0.000533845478980254	0.00153681367298468
cliente_antiguedad_ratioavg6_delta1	0.000665032951182691	0.000634736879046737	0.00140068565533102
Visa_fechaalta_ratioavg6_lag1_delta2	0.000663612760444899	0.000791704107551298	0.00160129536555746
mrentabilidad_annual_min6_lag1_lag2	0.000662403797956	0.000676860287980359	0.00144725576663359
cliente_edad_ratioavg6_delta1_lag2	0.000661757874850581	0.00141164563209598	0.00139710333907698
mrentabilidad_annual_lag1_lag2	0.000661535304884837	0.000583378119945702	0.00148307892917403
mcaja_ahorro_ratioavg6_lag2	0.000661186516657923	0.000611487445313145	0.00159771304930342
mrentabilidad_annual_avg6_lag1_lag2	0.000660722815162955	0.000622497401564582	0.00141859723660124
mcaja_ahorro_ratiomax6_delta1	0.000660509793583576	0.000822309439109483	0.00169801790441664
mtransferencias_emitidas_avg6	0.000660155481667617	0.00158992687578144	0.00110335340624541
mcuenta_corriente_delta1	0.000659268891046507	0.00215797765853874	0.00112126498751563
mcomisiones_mantenimiento_max6	0.000657391392253529	0.000858560647703654	0.00093140222605132
Visa_mpagominimo_tend6_lag1_lag2	0.00065414781420373	0.000608443606574037	0.00111410035500754
chomebanking_trx_ratiomax6	0.000653462659030991	0.000559468400628105	0.00151173745920637
mcuenta_corriente_tend6_lag1_delta2	0.000652232852705475	0.000707484390634257	0.00146874966415785
ctransferencias_recibidas_ratioavg6	0.000650375098106891	0.000619942103006798	0.00176249959698942
mpayroll_min6_lag2	0.000650346010874002	0.00178785951882974	0.000490777326803965
mcaja_ahorro_dolares_ratioavg6_delta1	0.00065011311728132	0.000874028204109336	0.00137202712529868
cliente_edad_max6_lag1_lag2	0.000650106632099393	0.00107612930302245	0.00139710333907698
mcomisiones_ratiomax6_lag1	0.000650013288375382	0.000601085539516503	0.00162278926308172
Visa_mpagospesos_max6_lag2	0.000649072839455979	0.000953491024572544	0.00123231679139098
mtransferencias_recibidas_ratioavg6_lag2	0.000648073031992894	0.000631954649800262	0.00181265202454603
mactivos_margen_ratioavg6_lag1_lag2	0.000646702485494775	0.000631968735352823	0.00174817033197325
mtarjeta_visa_debitos_automaticos_ratiomax6	0.000646305709145202	0.00062278512862182	0.00104961866243476
Visa_mpagominimo	0.000645966107987559	0.000652620353562995	0.000999466234878148
mcomisiones_mantenimiento_ratioavg6_delta1_lag2	0.000645717329646316	0.000832659485777292	0.00137560944155272
Master_fechaalta_avg6_delta2	0.00064453437435088	0.000806088435795775	0.00125739300516928
mrentabilidad_annual_avg6_delta1_lag2	0.000644466522298532	0.000861736809652136	0.00139352102282294
mrentabilidad_annual_ratiomax6_lag1	0.000644251786823322	0.00051273033907534	0.00136128017653655
mprestamos_personales_tend6_delta1	0.000644249396823846	0.00059507419011469	0.000340320044134136
ctrx_quarter_tend6_delta1_lag2	0.0006437752729945	0.00105646274795214	0.00146158503164976
mvr_msaldopesos2_lag1_lag2	0.000643750108365182	0.00198891892316168	0.00158696610054129
mtransferencias_recibidas_max6_lag2	0.000643416168499435	0.00188124563322979	0.00132903933025015
Visa_Fvencimiento_ratioavg6_delta1	0.000641159198972593	0.000583909726631672	0.00165503010936812
mtransferencias_recibidas_max6_lag1	0.000640755240026223	0.00112823523271753	0.00137560944155272
mcomisiones_ratioavg6	0.000638935799220196	0.000463138145434897	0.00137560944155272
mcuentas_saldo_ratiomax6_lag2	0.000638911555019002	0.00116298978627513	0.00160487768181151
mactivos_margen_lag1_lag2	0.000637836415220752	0.000676231846735922	0.00136844480904463
mcaja_ahorro_max6_lag1_lag2	0.000637263008272814	0.000979095927125435	0.00150457282669829
cliente_edad_lag2	0.000633699216707466	0.000878475189483724	0.00136128017653655
ccomisiones_mantenimiento_ratioavg6_delta1	0.000633480186282397	0.00317314087222809	0.000823932738430014
Master_mlimitecompra_ratioavg6	0.000633221556728454	0.00367945462026522	0.000512271224328226
mtarjeta_visa_debitos_automaticos_avg6_lag1_delta2	0.000633115905279809	0.00150786184348272	0.0010532009786888
cliente_edad_max6	0.000632912604002474	0.000877319740327151	0.00142576186910933
Visa_msaldototal_avg6_lag1_delta2	0.000632448450380644	0.000545323526777162	0.00099230160237006
cliente_edad_avg6_lag1	0.000632137614428281	0.00100891151327772	0.00134336859526633
chomebanking_trx_max6_lag2	0.000631234608770108	0.000664839324563085	0.00135411554402846
mcomisiones_otras_min6_lag2	0.000630750238927179	0.000717664398362631	0.00138277407406081
ctrx_quarter_lag1_lag2	0.000630519961891086	0.000462275282417348	0.00100304855113219
Visa_cconsumos_min6_delta2	0.000629303849843895	0.000877178884801543	0.000573170600646966
Visa_fechaalta_ratioavg6_delta1	0.000628109955811887	0.000514869202754746	0.00133978627901228
cliente_edad_lag1_lag2	0.000626789040816993	0.00103388311550439	0.00138277407406081
mactivos_margen_tend6_delta1_delta2	0.000625551011375849	0.00115274582955967	0.00128963385145567
mvr_msaldopesos_delta2	0.000624578922755486	0.00384182257356037	0.00133978627901228
ctrx_quarter_ratiomax6_delta1_lag2	0.000622220576274027	0.000748031490297729	0.00166935937438429
mv_mpagominimo_lag1	0.00062206923990018	0.00066588020929729	0.000548094386868662
mcomisiones_otras_ratioavg6	0.000620766581666391	0.000568118607440574	0.00139710333907698
mcuenta_corriente_ratiomax6_lag1	0.00061884314730478	0.000526510608253632	0.00152964904047659
ctrx_quarter_max6_lag1_lag2	0.000618256850120252	0.00123383198826318	0.00130754543272589
cliente_edad_max6_lag2	0.000617617558154872	0.0010123515407211	0.00132545701399611
Visa_mpagominimo_avg6_lag1_delta2	0.000616878452369623	0.000856241679843968	0.00110335340624541
Visa_msaldototal_min6	0.000615881783407994	0.000678146903422073	0.000874085165986624
mcuentas_saldo_ratiomax6_delta2	0.000615437107621431	0.000545584181807301	0.00159771304930342
mcuentas_saldo_ratioavg6_delta1_lag2	0.000614273321709892	0.000513777673662155	0.00173384106695707
mcaja_ahorro_ratioavg6_lag1_lag2	0.000613279363975766	0.000743550954120526	0.00159413073304938
ctarjeta_visa_trx_avg6_delta1	0.000613200401431773	0.000591674539327116	0.000705716302046577
mcaja_ahorro_dolares_ratiomax6_delta1	0.000610308421294953	0.000910276260084966	0.0010281247649105
mrentabilidad_min6	0.000609879623590143	0.000721287190912025	0.00129321616770972
mtransferencias_recibidas_ratioavg6_lag1_lag2	0.000608114496277567	0.000792322049708303	0.00156905451927107
ctrx_quarter_ratiomax6_delta1_delta2	0.000607732223886992	0.00079236048851601	0.00160845999806555
Visa_mpagospesos_tend6_lag1_lag2	0.000607063348859023	0.00123107347596352	0.00146874966415785
Master_fechaalta_ratioavg6_lag2	0.000606807279912579	0.00081201648665267	0.00150457282669829
Master_fechaalta_ratioavg6_delta1	0.000606268974205045	0.000829129044704954	0.0014400911341255
ctrx_quarter_avg6_delta1	0.000605970561458504	0.000794513264209341	0.00121440521012076
mrentabilidad_annual_ratioavg6_delta2	0.000605289522601154	0.000494470372489916	0.00161204231431959
ctrx_quarter_normalizado_delta2	0.000603743786821399	0.00175341221542584	0.00130396311647185
chomebanking_trx_tend6_delta1	0.000603574026214935	0.00122057580576333	0.00102454244865645
mcuentas_saldo_ratioavg6_lag1_delta2	0.000603021903361727	0.000663917718717506	0.00172309411819494
ctrx_quarter_tend6_lag1_lag2	0.000602975130552781	0.00190837024253463	0.00134336859526633
mcaja_ahorro_dolares_ratioavg6_lag2	0.000602684278269664	0.000848616102980203	0.00147949661291998
mrentabilidad_annual_delta1_delta2	0.000602102978062099	0.00130431042434865	0.00117141741507224
chomebanking_trx_ratioavg6_lag2	0.000601907181269253	0.000624225817448526	0.0015224844079685
ccaja_ahorro_avg6_delta1	0.000601702834182972	0.000882630716720218	0.000218521291496656
ctrx_quarter_ratioavg6_delta1	0.000601296564626822	0.000792813250815366	0.00158696610054129
Visa_fechaalta_delta2	0.000601198451274212	0.000226252152626125	0.000193445077718351
mpasivos_margen_ratioavg6_lag2	0.000600703732245165	0.000496898409381853	0.0015224844079685
mtarjeta_visa_debitos_automaticos_avg6_delta2	0.00060063146136925	0.000808711645806152	0.000820350422175971
mactivos_margen_max6_lag1_lag2	0.000599102874748014	0.000614395837147443	0.00121440521012076
mcuenta_corriente_ratioavg6_delta1_delta2	0.000599034394584819	0.000669725160222905	0.0015798014680332
mactivos_margen_ratioavg6_delta1	0.000598850018010374	0.000548915082372212	0.0014974081941902
mrentabilidad_annual_tend6_delta2	0.000598650965934738	0.000653889846526031	0.0014150149203472
mcaja_ahorro_ratioavg6_delta1_lag2	0.000598640838442736	0.00187444659196259	0.00164786547686003
ctrx_quarter_ratioavg6_delta1_lag2	0.000597727767849158	0.000481981028296113	0.00149382587793616
Visa_fultimo_cierre_tend6_lag1_delta2	0.000596485382954582	0.00124306910274005	0.00101021318364028
Master_fultimo_cierre_tend6_delta1	0.000595547602815222	0.00164397765296173	0.00116783509881819
mactivos_margen_max6_lag2	0.00059500172188667	0.00057940093258003	0.000938566858559407
ccallcenter_trx	0.000594750611334896	0.00159815558617201	0.000540929754360574
ccomisiones_otras_ratioavg6_lag1	0.000594144846397676	0.000515958938614773	0.00164428316060598
mcaja_ahorro_max6_lag2	0.000593637440372963	0.000808321241723061	0.00111768267126158
mtransferencias_recibidas_ratioavg6	0.00059331094051076	0.000603687809198228	0.0015547252542549
mactivos_margen_ratiomax6_lag1	0.000593174381110607	0.000647060840921151	0.00145083808288763
mcaja_ahorro_ratiomax6_delta2	0.000592141963192251	0.000499015522885642	0.00147949661291998
ccomisiones_otras_avg6	0.00059129362078725	0.00160952751509346	0.00124664605640715
mcaja_ahorro_ratioavg6_lag1_delta2	0.000591172310066578	0.000604105921616747	0.0016371185280979
mcuentas_saldo_min6_lag2	0.000588972500236892	0.000758688555734394	0.00123231679139098
mrentabilidad_max6	0.000588798949845387	0.000612101020081163	0.00123948142389906
Visa_cconsumos_delta2	0.000588750953638918	0.00252977605716041	0.000913490644781102
mcuenta_corriente_ratiomax6_lag1_lag2	0.000588741483108439	0.000637932477322367	0.00135411554402846
mprestamos_personales_tend6_delta2	0.00058738688348502	0.000871028502029792	0.000383307839182659
mactivos_margen_ratiomax6_lag2	0.000585700653181655	0.0027449360251451	0.00138635639031485
mactivos_margen_avg6_delta1_lag2	0.000585497304022372	0.000987501502308419	0.00134336859526633
ccomisiones_otras_avg6_delta2	0.00058547464589713	0.0010346546971998	0.0012179875263748
mrentabilidad_annual_tend6_delta1	0.0005848799997028	0.000733790360350436	0.00138993870656889
ctransferencias_recibidas_avg6_lag2	0.000584423087469001	0.00100837979089933	0.00114634120129393
mcuenta_corriente_tend6_lag1_lag2	0.000584345995367368	0.000779585036958898	0.00118574668008841
mvr_msaldototal_lag1	0.000584215862805178	0.000616013072612406	0.000974390021099843
mrentabilidad_annual_ratioavg6_delta1_lag2	0.000581563613377269	0.000613571152629649	0.00142934418536337
mrentabilidad_annual_tend6_delta1_delta2	0.000581542668235829	0.000568015236260179	0.00146158503164976
Visa_msaldototal_avg6_lag1_lag2	0.000581511729823433	0.000711467160159363	0.00118574668008841
mpasivos_margen_ratiomax6_lag1_lag2	0.000580924095371374	0.000649541460019568	0.0015798014680332
mcaja_ahorro_min6_lag2	0.000580825350113484	0.00071660413514749	0.00101021318364028
mpasivos_margen_ratiomax6_delta2	0.000580492238600006	0.00086029857928943	0.0014400911341255
cmobile_app_trx_max6_lag1_lag2	0.00058008284724648	0.000839534710505359	0.00135411554402846
mcuenta_corriente_avg6_lag2	0.0005799313590269	0.000493553423264382	0.00108544182497519
Master_mpagominimo_max6_lag1	0.000579901683301076	0.00114052150778499	0.00102096013240241
ctrx_quarter_max6_lag1_delta2	0.000579746193632201	0.000958084736863034	0.00107469487621306
mrentabilidad_annual_lag1_delta2	0.000579233404278168	0.00045988525048653	0.00135053322777441
mv_msaldototal_lag1	0.000578654027589291	0.000402411365879804	0.00045495416426353
mactivos_margen_ratioavg6_delta2	0.000578542706082796	0.000628313635694167	0.00156547220301703
mcomisiones_mantenimiento_max6_lag1_lag2	0.000578067819927805	0.00119212810898027	0.00092065527728919
mcuenta_corriente_ratioavg6_lag1_delta2	0.000576934794172086	0.000502647368367175	0.0015224844079685
mrentabilidad_annual_ratiomax6	0.000574472162951833	0.000506496831297306	0.00122515215888289
mpasivos_margen_ratioavg6_delta2	0.000573797875018119	0.000592837855568487	0.00142934418536337
Visa_mpagospesos_avg6_delta1_lag2	0.000573511799116258	0.000668842658416468	0.00120365826135863
Visa_fultimo_cierre_avg6_lag2	0.00057337690448081	0.000882001841629192	0.00129321616770972
mrentabilidad_min6_lag2	0.000572169196446229	0.000704155659302287	0.00129679848396376
mcaja_ahorro_avg6_delta1	0.000571920321076796	0.000515208441863546	0.000949313807321538
mrentabilidad_lag1	0.000571216916807396	0.000482948621880032	0.00147949661291998
mactivos_margen_ratiomax6_delta2	0.000570663612300274	0.000647115013898453	0.00145083808288763
Visa_msaldopesos_avg6_delta1	0.000570316294167561	0.00122946245896632	0.00123589910764502
mcomisiones_tend6_lag1_lag2	0.000569519440636779	0.000553159201081998	0.00138635639031485
mpasivos_margen_ratiomax6_delta1	0.000569372419391453	0.00114120927031958	0.00149382587793616
mcomisiones_ratioavg6_delta1	0.000569339698028079	0.00046000302537365	0.0014974081941902
mrentabilidad_ratioavg6_lag2	0.000568966061709932	0.000505652160913352	0.00155114293800085
mv_mfinanciacion_limite	0.0005681726903344	0.000741163785577189	0.00142576186910933
mvr_msaldopesos_lag1	0.000568050284879753	0.00281847897999037	0.00118932899634246
mcaja_ahorro_ratiomax6_lag1_lag2	0.000567652955714994	0.000612307328595364	0.00139710333907698
mtarjeta_visa_debitos_automaticos_max6_lag1_lag2	0.000566937909868964	0.000605912400963446	0.00104603634618071
mtransferencias_recibidas_ratioavg6_delta1	0.000566813673965922	0.000534060811503489	0.00152606672422255
mrentabilidad_ratiomax6_lag2	0.000566641110659568	0.000470710330245218	0.00148666124542807
mprestamos_personales_ratioavg6_delta2	0.000564797344440626	0.000840857393060098	0.000490777326803965
ctrx_quarter_ratioavg6_delta2	0.000564223861793165	0.00051023606827095	0.00152964904047659
mactivos_margen_tend6_lag2	0.00056353299599121	0.00337723526482875	0.00134695091152037
Visa_mfinanciacion_limite_ratioavg6	0.000562207468140787	0.00435461032500087	0.000558841335630792
mvr_msaldopesos2_lag1_delta2	0.000560784559633875	0.000909064642256785	0.00145442039914168
mcaja_ahorro_dolares_ratioavg6_lag1_delta2	0.000559339594584095	0.000643183872117333	0.00134695091152037
mrentabilidad_annual_avg6_delta1_delta2	0.000558937997076629	0.000511971888469998	0.00133978627901228
mrentabilidad_annual_ratiomax6_delta1	0.000558787722900655	0.000478805531579065	0.00120724057761267
mrentabilidad_tend6_delta2	0.000558777021772144	0.000572457391475887	0.00129321616770972
ccomisiones_otras_tend6_lag1_lag2	0.000557918595053	0.000661015603197182	0.00140426797158507
ccomisiones_otras	0.000557285747296645	0.00351199576648959	0.00129679848396376
Visa_mpagospesos_max6_lag1_lag2	0.000555807661742023	0.000557855416859706	0.00124664605640715
mtransferencias_recibidas_ratioavg6_delta1_delta2	0.00055567899975328	0.00166580540034918	0.00160129536555746
mcomisiones_mantenimiento_ratiomax6	0.000552128873874874	0.00117417521900991	0.000501524275566096
mactivos_margen_tend6_lag1	0.000550920004525161	0.000587625825120617	0.00120007594510459
mtransferencias_recibidas_ratiomax6_lag1_lag2	0.000549313267025998	0.000446976550180655	0.00145800271539572
mplazo_fijo_dolares_ratiomax6	0.000549056949808128	0.00252421003681975	0.000458536480517573
mtransferencias_recibidas_ratiomax6_delta1_delta2	0.000548825481664014	0.000541780793384828	0.00153323135673064
mcaja_ahorro_min6_lag1	0.000545433007378103	0.00112671581519664	0.00101737781614837
mtransferencias_emitidas_ratiomax6	0.000545155307349003	0.000655867753121247	0.0011105180387535
mprestamos_personales_delta1_delta2	0.000544118307783265	0.000159415338031975	0.000161204231431959
Master_fechaalta_ratioavg6_delta1_lag2	0.000542945720757349	0.000669063226021866	0.00143650881787146
mv_fultimo_cierre	0.000541936945175074	0.000566914943466508	0.00156547220301703
mrentabilidad_annual_lag2	0.000541460923249934	0.000625083040460429	0.00138635639031485
cmobile_app_trx_ratioavg6	0.000541029853903862	0.000520185790230353	0.00132545701399611
mactivos_margen_ratioavg6_lag1_delta2	0.000540813333038569	0.000541532517444002	0.00142217955285529
chomebanking_trx_avg6_lag1_delta2	0.000540036255413796	0.000641245300946106	0.00124664605640715
mprestamos_personales_ratioavg6_delta1_delta2	0.000538186192177665	0.00145855396397302	0.000651981558235924
Visa_mpagospesos_lag1	0.000536059470767648	0.00110190499651553	0.00123589910764502
mrentabilidad_tend6_lag1_delta2	0.000531924628130683	0.000475771873773225	0.00138635639031485
internet_ratioavg6	0.000531596260954686	0.000990531486879813	0.000938566858559407
mtarjeta_visa_debitos_automaticos_tend6	0.000530454085417269	0.00197509743855752	0.000859755900970449
mrentabilidad_annual_tend6	0.000530142236500868	0.000599553337982811	0.00124664605640715
cliente_edad_ratioavg6_delta2	0.00052873835929072	0.000866100004788807	0.0012753045864395
mcomisiones_tend6_delta2	0.000528222446349262	0.000791657801658793	0.00125381068891524
mpayroll_min6_lag1_lag2	0.000527727463607889	0.00202837391527044	0.000562423651884836
mcomisiones_tend6_lag1_delta2	0.000527276142056585	0.000494058738847112	0.00132545701399611
ctransferencias_recibidas_ratioavg6_delta1_lag2	0.000526960565360406	0.000518679995492324	0.00147591429666594
mrentabilidad_ratioavg6_delta1	0.000526838368628359	0.000436689584806758	0.00143292650161742
cmobile_app_trx_ratioavg6_lag1_lag2	0.000526391221672845	0.000760452749500304	0.00142576186910933
chomebanking_trx_max6_lag1	0.000524378740512785	0.000577238351953807	0.00122873447513693
Visa_fultimo_cierre_avg6_delta2	0.000524202384001168	0.000864269230033174	0.00107827719246711
mcuenta_corriente_ratiomax6_delta2	0.000522088309808833	0.000614326363847133	0.00122515215888289
mcomisiones_ratiomax6_delta1	0.00052176163449305	0.00123209871329745	0.00134336859526633
chomebanking_trx_max6	0.000521602690523028	0.0006612264237159	0.00113917656878585
mtarjeta_visa_debitos_automaticos_ratiomax6_lag1_lag2	0.000520650364721175	0.000541734805646487	0.0011355942525318
mactivos_margen_tend6_delta2	0.000520026136384377	0.000629024797021405	0.00117499973132628
mactivos_margen_lag2	0.000517070344443007	0.000699207957119002	0.00111410035500754
ccajas_trx_ratioavg6	0.000515891899682337	0.00105398609131923	0.000795274208397666
mrentabilidad_annual_tend6_lag1	0.000514860841291928	0.000517805274001366	0.00106036561119689
mv_mpagominimo_lag2	0.000514599307919942	0.000782293136285017	0.000680640088268273
mcuentas_saldo_max6_lag1_lag2	0.000512423517913132	0.000595644785147379	0.00123589910764502
cliente_edad_ratioavg6	0.000510899319117773	0.00296919971424236	0.00123231679139098
mrentabilidad_annual_lag1	0.000510218596436311	0.000478905200601908	0.00124306374015311
mpasivos_margen_tend6_delta1	0.00050945196573396	0.00109189632926635	0.00121440521012076
ctrx_quarter_delta1_lag2	0.000509422083807536	0.00054187135162932	0.00132187469774207
mcomisiones_mantenimiento_avg6_lag2	0.000508154155412886	0.0022498271461699	0.000988719286116017
Master_mpagospesos_tend6	0.000508007553852841	0.00245680291642397	0.000806021157159796
mvr_msaldopesos2_delta2	0.000507839219768936	0.00254832592003601	0.00138277407406081
mv_mpagominimo_lag1_lag2	0.00050775150989927	0.00144829693401371	0.000795274208397666
chomebanking_trx_avg6_delta1_delta2	0.000507689088438059	0.000956128146596847	0.00129679848396376
Visa_fultimo_cierre	0.000507672387772427	0.000773061806429321	0.00146516734790381
mcaja_ahorro_tend6_lag1_lag2	0.000506922028368662	0.000730472446260063	0.00122873447513693
ctarjeta_debito_trx_ratioavg6	0.000506298846300482	0.00257109092066932	0.00102454244865645
ctarjeta_visa_trx_ratioavg6_lag1	0.000505605128825063	0.000925791163614964	0.00115708815005606
chomebanking_trx_tend6_lag2	0.000505565349374186	0.000616435263188853	0.00108185950872115
Visa_cconsumos_avg6_lag1_delta2	0.000505556938155447	0.000618220570822052	0.00107111255995902
mrentabilidad_avg6_delta2	0.000505429067734289	0.000509636434439964	0.00125381068891524
mcuentas_saldo_delta1_lag2	0.00050515207966831	0.00118118389494848	0.00126097532142333
ccomisiones_otras_tend6_lag1_delta2	0.000503587381607307	0.000539449330743404	0.00138635639031485
ccaja_ahorro_avg6_delta2	0.000502639263429091	0.00109545546205972	0.000308079197847744
mcuentas_saldo_tend6_lag1	0.000501991791338738	0.000961279988061393	0.00101021318364028
Visa_msaldototal_tend6_delta1	0.000501036407252856	0.00116163528830393	0.00116783509881819
chomebanking_trx_ratioavg6_delta2	0.000500647937124361	0.000532692314749045	0.00141143260409315
chomebanking_trx_ratiomax6_lag1_lag2	0.00049995951797831	0.000483218387688522	0.00127888690269354
mcuentas_saldo_tend6_lag1_delta2	0.000499662456977834	0.000683138626572499	0.00124664605640715
mrentabilidad_annual_tend6_lag1_delta2	0.000499474046127355	0.000449384745821963	0.00124664605640715
mrentabilidad_avg6_delta1_lag2	0.000498454654809918	0.000512991543644491	0.00125739300516928
chomebanking_trx_avg6_lag1	0.000498237855335175	0.000548246351241291	0.00114275888503989
Visa_fultimo_cierre_ratioavg6_delta1_delta2	0.000497868043861816	0.000491772887943653	0.000967225388591756
mpayroll_avg6_lag1_lag2	0.000497559184037434	0.000997452236576527	0.000587499865663141
mcaja_ahorro_dolares_min6	0.000497463726295005	0.0014181292090474	0.000827515054684058
mtransferencias_recibidas_avg6_lag1_delta2	0.000497408493311769	0.00115261049834728	0.000970807704845799
mpasivos_margen_max6_lag1_lag2	0.000496898478998378	0.00133284497721866	0.00122873447513693
Visa_cconsumos_lag1	0.000495907204280589	0.00340646486885602	0.00118216436383437
Visa_fechaalta_ratioavg6_delta1_lag2	0.000495860311804564	0.000513124676700831	0.00131829238148802
mcaja_ahorro_delta1	0.000495847231138593	0.000691898480879337	0.000798856524651709
mvr_mpagominimo_lag2	0.000495270817481072	0.000626967872500941	0.000927819909797277
mvr_Master_mlimitecompra_lag1	0.000493435603338443	0.000731210332537129	0.00121082289386672
mcuenta_corriente_tend6_lag1	0.000492789395824516	0.00103620595906026	0.00104961866243476
ctarjeta_visa_debitos_automaticos_avg6_delta1	0.000489966709946325	0.000530615404362422	0.000523018173090357
Visa_msaldopesos_lag2	0.000489077178012434	0.000839761351962991	0.000942149174813451
ctrx_quarter_tend6_lag1_delta2	0.000488132329624368	0.000531970422949528	0.00123231679139098
mcuenta_corriente_ratiomax6_delta1	0.000487642382608522	0.000772314346604211	0.00108185950872115
mpasivos_margen_avg6_delta2	0.00048740914094152	0.00054733576509905	0.00113201193627776
ccomisiones_otras_avg6_delta1_delta2	0.000486970968687173	0.000597367242871512	0.00118932899634246
mcomisiones_otras_ratioavg6_lag1_delta2	0.00048696385172186	0.000534257951393128	0.00132545701399611
mtarjeta_visa_debitos_automaticos_ratioavg6_lag1_lag2	0.000486751512604804	0.000648838165777128	0.0012179875263748
ctransferencias_recibidas_tend6	0.000486653530201608	0.00154700984574574	0.00125739300516928
mrentabilidad_lag1_lag2	0.000485626574964674	0.000451934028373726	0.00114992351754798
Visa_fultimo_cierre_tend6_delta1_lag2	0.000485232547290053	0.00178001184143596	0.000877667482240667
mpasivos_margen_max6_lag1_delta2	0.000484646856210986	0.00268483629852536	0.00110693572249945
mactivos_margen_tend6_lag1_delta2	0.000484133624593487	0.000443649727773673	0.00120007594510459
Visa_cconsumos_max6	0.000484023983631345	0.000497153742560512	0.00106394792745093
mprestamos_personales_delta2	0.000483816225917494	0.00212035037533639	0.000429877950485225
ctrx_quarter_ratioavg6_lag1_delta2	0.000482592787480575	0.000500921815870713	0.00142217955285529
Visa_mpagado_ratioavg6	0.000482354274746374	0.00368862677344629	0.000841844319700232
mvr_msaldopesos2_lag2	0.000481796776804625	0.000523215803724852	0.00125381068891524
mactivos_margen_tend6_delta1	0.000481474291519331	0.000533676105272254	0.00100304855113219
Visa_cconsumos_avg6_lag2	0.000480598211322941	0.000743629480352975	0.00106394792745093
Visa_mpagospesos_tend6	0.000479618412189285	0.000534140899583655	0.00126813995393141
Visa_cconsumos_avg6_lag1_lag2	0.000479433124013861	0.000400254916952027	0.00110335340624541
ccomisiones_mantenimiento_delta1	0.000477342679010807	0.000849269707326751	0.00028300298406944
Master_fechaalta_ratioavg6_delta1_delta2	0.000476229307211059	0.000649972703528154	0.00140068565533102
mactivos_margen_ratioavg6_delta1_lag2	0.000476167710608739	0.00047153573784066	0.00135053322777441
mcomisiones_ratiomax6_lag1_delta2	0.000475697735473816	0.000620126777037805	0.00121082289386672
Master_Fvencimiento_avg6_lag1_delta2	0.000474639057329507	0.000810346958212287	0.00107111255995902
mtarjeta_visa_debitos_automaticos_ratiomax6_lag1	0.000473364270679827	0.000516427811084102	0.00110693572249945
chomebanking_trx_ratioavg6_delta1	0.000472826398991152	0.000497755343162698	0.00133978627901228
mvr_mpagominimo_delta1	0.000472208582183921	0.00101706120574304	0.000938566858559407
mv_mpagominimo_delta2	0.000472170826484455	0.000969273727139833	0.000626905344457619
Master_mpagominimo_max6_lag1_lag2	0.000471384874285234	0.00120976961279278	0.000999466234878148
Master_msaldopesos_ratioavg6_lag2	0.000470869196538942	0.00231782314100128	0.000942149174813451
ccallcenter_trx_avg6_delta1	0.000470213894392049	0.00104905979223429	0.0005266004893444
Visa_mpagospesos_avg6_delta1_delta2	0.0004700325600578	0.000648430812753994	0.00111768267126158
internet_avg6	0.000469813519711392	0.000601348190240948	0.000917072961035146
mcaja_ahorro_ratiomax6_delta1_lag2	0.000469288026046443	0.000619422383717342	0.00131471006523398
ctarjeta_visa_debitos_automaticos_avg6_lag1_delta2	0.00046897710844129	0.000509817550928949	0.000583917549409097
Visa_msaldototal_ratiomax6_lag1_lag2	0.000467365364139171	0.000457555783539412	0.00118932899634246
mforex_sell_avg6	0.000466492476039297	0.00290502532939016	0.000849008952208319
mcuentas_saldo_delta2	0.000466067174580149	0.000485190856739833	0.00104961866243476
Visa_fultimo_cierre_avg6_lag1_delta2	0.000465426963900009	0.00038502588940049	0.000977972337353886
mcaja_ahorro_ratiomax6_lag1_delta2	0.000465070101398661	0.000429125961235776	0.00128605153520163
mcomisiones_otras_tend6_lag2	0.000464061424773186	0.000498578263371034	0.00118932899634246
chomebanking_trx_ratiomax6_delta1	0.000463668805315794	0.000531498426784765	0.00127172227018546
Visa_mpagominimo_tend6_lag2	0.000463327555695556	0.00060000468304998	0.000995883918624104
mpasivos_margen_tend6_lag1_delta2	0.000463051732167506	0.000572805741363037	0.00117858204758032
mrentabilidad_annual_max6_delta2	0.000463031774963704	0.000567357206678432	0.0010532009786888
Visa_msaldopesos_ratioavg6_lag1_delta2	0.000461792808454986	0.000607535189664736	0.00115708815005606
mcomisiones_mantenimiento_ratioavg6_delta1	0.000460638517275744	0.00083199069680016	0.00098155465360793
ctransferencias_emitidas_max6	0.000459393187480923	0.000829947395062562	0.000641234609473794
mvr_mpagominimo_delta2	0.000458915837367955	0.00088909474165207	0.000906326012273015
mpasivos_margen_tend6_delta2	0.000458567624439698	0.00069919829680164	0.00108185950872115
mprestamos_personales_ratiomax6_delta1	0.000458388337102898	0.000629376039219143	0.000411966369215007
ctrx_quarter_avg6_delta1_delta2	0.00045752236724682	0.000477294617451296	0.00112126498751563
mprestamos_personales_ratioavg6_delta1	0.000457035772725813	0.00074490689824702	0.000419131001723094
mcaja_ahorro_dolares_ratioavg6_delta1_delta2	0.000456767997886517	0.000606563257614935	0.0010281247649105
Visa_Fvencimiento_tend6_delta2	0.000453489024768824	0.000477745846826041	0.00098155465360793
ccajas_trx_avg6_lag1	0.00045269199005289	0.0010797671355869	0.00087050284973258
mrentabilidad_avg6_delta1	0.000452561072001185	0.000420630782270793	0.00108185950872115
mcomisiones_tend6_lag1	0.000451688070158236	0.000592562362985034	0.00103528939741858
Master_fultimo_cierre_avg6_delta2	0.000451488510441176	0.00154929396126284	0.0011105180387535
mcuentas_saldo_tend6_delta2	0.00045085002484012	0.000535660259258339	0.00108185950872115
mrentabilidad_annual_avg6_delta1	0.000450040687900705	0.000524685357811221	0.00102454244865645
cliente_edad_ratioavg6_lag1_delta2	0.000449666599965175	0.000860508069345278	0.00113201193627776
ctrx_quarter_min6_delta2	0.00044918161150252	0.00147885720337294	0.000985136969861973
Visa_msaldopesos_tend6	0.000448859871415985	0.00100156261484475	0.00103887171367263
mcuenta_corriente_avg6_delta1_delta2	0.000448766232117843	0.000466456869372235	0.00101737781614837
mcomisiones_mantenimiento_max6_lag2	0.000448664315730877	0.00112101778980076	0.000823932738430014
mactivos_margen_ratiomax6_lag1_delta2	0.000448090642442414	0.000563277400133118	0.00118574668008841
mcaja_ahorro_dolares_min6_delta2	0.000447685889912254	0.000613127992801442	0.000497941959312052
mcuenta_corriente_min6_delta1	0.000444361344363642	0.000371488863542601	0.000548094386868662
Master_msaldopesos_max6	0.000444098925167096	0.000646903904148677	0.000985136969861973
ccomisiones_otras_ratioavg6_delta2	0.000443898769176381	0.000422601978705446	0.00123231679139098
Visa_mpagospesos_ratiomax6_lag1_lag2	0.000443891669750923	0.000590282730549338	0.00110335340624541
mcuenta_debitos_automaticos_avg6_delta2	0.000441914904727099	0.00146508980497676	0.000720045567062751
cmobile_app_trx_delta2	0.000441177228081173	0.0027522998479007	0.00103887171367263
mvr_msaldopesos_lag2	0.000439530999785559	0.000749327476825746	0.000917072961035146
Visa_mconsumospesos_tend6_lag1	0.00043929966852998	0.00047532975517683	0.00114992351754798
mtarjeta_visa_debitos_automaticos_ratiomax6_lag2	0.000437811646852237	0.00057394528281138	0.0010532009786888
mactivos_margen_min6_delta2	0.000437426896199951	0.000642035133121322	0.000938566858559407
Visa_cconsumos_avg6_delta2	0.000437259063841652	0.000535997820826998	0.00100304855113219
Visa_mconsumosdolares_max6	0.00043688828584866	0.000567389658403223	0.00108902414122924
mv_fultimo_cierre_lag2	0.000436787359429296	0.000509928008270283	0.00112484730376967
Visa_fultimo_cierre_tend6_delta1	0.000436720076309367	0.00142756921911198	0.000852591268462362
mprestamos_hipotecarios_avg6	0.000435332423702636	0.0084186158015757	0.000648399241981881
mrentabilidad_annual_max6_delta1_delta2	0.000435165135014125	0.000501980256930184	0.0011355942525318
mcomisiones_avg6_delta1_delta2	0.000434545901955515	0.000984296243715427	0.00114634120129393
mcomisiones_mantenimiento_max6_delta2	0.000434518365648137	0.00186678760891154	0.000644816925727837
ctarjeta_visa_trx_tend6_delta1_lag2	0.000434193895485961	0.001110582795971	0.000999466234878148
mcomisiones_avg6_delta1_lag2	0.000433627838487537	0.000427616666801936	0.00105678329494284
mrentabilidad_annual_min6_delta1_delta2	0.000433401327874607	0.000890044981372465	0.00115708815005606
mcomisiones_ratioavg6_delta1_lag2	0.000433164859543911	0.000392720621410401	0.00116425278256415
chomebanking_trx_ratioavg6_delta1_lag2	0.000433022257730317	0.000478468722011158	0.0011355942525318
Visa_cconsumos_tend6	0.000432794231005074	0.000409756128308636	0.000977972337353886
chomebanking_trx_lag1_lag2	0.000432576143872203	0.00153472831406764	0.0011105180387535
ctrx_quarter_max6_delta2	0.000431993651702578	0.00116524243345305	0.000974390021099843
cmobile_app_trx_ratioavg6_delta1_lag2	0.000431941238545148	0.0012753202457918	0.0011105180387535
mv_fechaalta_delta2	0.000430127571604561	0.000360154939582266	0.000189862761464308
mrentabilidad_delta2	0.000429457309967477	0.000483585942517973	0.00116783509881819
ccomisiones_otras_tend6_delta1_delta2	0.000429177857504051	0.000500329933432101	0.00114992351754798
ctarjeta_visa_debitos_automaticos_min6_lag1_lag2	0.000429057895261347	0.00224227387707082	0.000608993763187402
Visa_cconsumos_ratiomax6_lag1_lag2	0.000428915684513697	0.000484008422325479	0.00104603634618071
mcomisiones_mantenimiento_avg6_lag1	0.000428293123121175	0.0015350289408301	0.000820350422175971
mcomisiones_mantenimiento_avg6	0.000428266351544003	0.000861645210175832	0.000737957148332969
mactivos_margen_avg6_delta1_delta2	0.000426066365415807	0.00040952966038964	0.00104245402992667
cextraccion_autoservicio_avg6_lag2	0.00042569620915793	0.000744723930679259	0.000985136969861973
mpasivos_margen_tend6_delta1_lag2	0.00042469071704243	0.000898567608364922	0.00113201193627776
Visa_fechaalta_max6_delta2	0.000424144564609205	0.000807464307942216	0.00028300298406944
ctrx_quarter_tend6_delta1	0.000423562890699975	0.000540239133995514	0.00107111255995902
mvr_Master_mlimitecompra_lag1_lag2	0.000423213491877263	0.000667734672076634	0.00102454244865645
cpagomiscuentas_ratioavg6	0.000423074261600826	0.000476064749143308	0.000934984542305364
Visa_mpagominimo_avg6_delta2	0.00042249521192542	0.000571193972365085	0.000895579063510885
mrentabilidad_ratiomax6_delta1	0.000422000105815263	0.000607080518440392	0.00107111255995902
ccomisiones_otras_lag1	0.000421088344663213	0.00305978696861006	0.00104245402992667
ccomisiones_otras_avg6_lag1_delta2	0.000420237105795709	0.000444081289436423	0.00106036561119689
ctransferencias_emitidas_ratioavg6_lag1_delta2	0.000419839352324582	0.00106635150000436	0.00116425278256415
Visa_mpagospesos_avg6_delta1	0.000419565656294864	0.000527632275222544	0.000938566858559407
mcuenta_corriente_tend6_lag2	0.000419549118916596	0.000543348165415263	0.000956478439829625
mcomisiones_otras_min6_lag1_delta2	0.000418679566188551	0.00142085509608363	0.000988719286116017
Visa_msaldopesos_avg6_delta1_lag2	0.000418256990836254	0.000279450681568719	0.000841844319700232
chomebanking_trx_delta2	0.000417213160214964	0.00119827831821338	0.000970807704845799
Master_mlimitecompra_ratioavg6_delta1	0.000416855801819578	0.00545203996257515	0.000594664498171228
Visa_mpagospesos_ratiomax6_lag1	0.000415620390432642	0.00049286725150062	0.00106394792745093
chomebanking_trx_lag1	0.000415303477042942	0.000550310130537848	0.00109260645748328
Visa_mpagospesos_ratioavg6	0.000415246762343648	0.000592795367525958	0.00101021318364028
ccomisiones_mantenimiento_avg6_delta2	0.000414535620935196	0.000791238127392557	0.000311661514101788
mcaja_ahorro_dolares_max6_lag1_lag2	0.000414215829024576	0.000403687048387497	0.000874085165986624
Visa_mpagominimo_ratioavg6	0.000414156449282504	0.000383619619069775	0.000985136969861973
ccaja_ahorro_tend6_delta1	0.000413280644626297	0.00135790962507692	0.000182698128956221
mvr_mpagospesos_lag1	0.00041137143273876	0.000468887740728548	0.00100304855113219
Visa_mconsumospesos_tend6_lag1_lag2	0.000410738892628377	0.000513517886325192	0.00106394792745093
Visa_mconsumospesos_avg6_delta2	0.000410524460573713	0.000784774391691763	0.000999466234878148
mrentabilidad_tend6_delta1_lag2	0.000408374501716498	0.000417758602165049	0.00106036561119689
ccomisiones_mantenimiento_tend6_delta1_delta2	0.000406809162871038	0.00119281968936483	0.000619740711949532
Visa_msaldopesos_ratioavg6_lag1_lag2	0.000405950980746711	0.000502513888233565	0.00109618877373732
mcuentas_saldo_lag1_delta2	0.000404974854233635	0.000374250123537317	0.00103170708116454
Visa_cconsumos_avg6_lag1	0.000404015030627279	0.000600323878446409	0.00093140222605132
Visa_mpagominimo_ratiomax6_delta2	0.000403667937824982	0.000438879671306667	0.00102454244865645
mcuentas_saldo_tend6_lag2	0.000403358043447051	0.000702966630419794	0.00093140222605132
mrentabilidad_tend6_delta1	0.000403010699831174	0.000562334275496768	0.000949313807321538
Visa_msaldototal_ratiomax6_delta1_lag2	0.000402842046493201	0.00104143551691029	0.00115708815005606
Visa_cconsumos_max6_lag1_lag2	0.000401709203302426	0.000510308144650789	0.000985136969861973
Visa_mpagospesos_ratioavg6_lag2	0.000401303598707696	0.00106539865720444	0.00108185950872115
ccomisiones_otras_avg6_delta1	0.000401230660053605	0.00203596206563521	0.000852591268462362
mpasivos_margen_delta2	0.000401040449127346	0.000634107223031853	0.000999466234878148
mcuenta_corriente_lag1_delta2	0.000400249583388383	0.000597813671010682	0.000784527259635535
mpayroll_sobre_edad_lag2	0.000400092475594936	0.000413150110167458	0.00023285055651283
Master_fechaalta_tend6_delta2	0.000399151760692941	0.000321802033499738	0.000741539464587013
mtarjeta_visa_debitos_automaticos_avg6_delta1	0.00039841506239683	0.000456684214666995	0.000616158395695489
Visa_mpagospesos_ratiomax6_delta1_delta2	0.000396419862643297	0.000619706235078392	0.000974390021099843
mcuentas_saldo_max6_lag1_delta2	0.000394959498503327	0.0029463192236473	0.000917072961035146
ctransferencias_recibidas_ratiomax6_lag1_lag2	0.000394527704159104	0.000389605949985007	0.00110335340624541
mpasivos_margen_tend6_delta1_delta2	0.000394469375540896	0.000403544862399019	0.000949313807321538
ctarjeta_visa_debitos_automaticos_ratiomax6	0.000394345684062653	0.000449141994194359	0.000777362627127448
ccomisiones_otras_tend6_lag2	0.000394091901105584	0.000942742562121317	0.000952896123575582
mtransferencias_recibidas_avg6_lag2	0.000393659323266732	0.000557494803575665	0.000927819909797277
cproductos_lag1	0.000392964039554742	0.000682912476807667	0.000773780310873405
chomebanking_trx_ratiomax6_delta2	0.000392294463058177	0.000459671045964424	0.00112842962002372
Visa_mpagominimo_lag1	0.000391254807906482	0.000457688974441963	0.000802438840905753
cforex_buy_ratioavg6	0.000389933958738413	0.00722025823405222	0.000608993763187402
mpayroll_ratioavg6_delta1	0.000389488908135497	0.00635346271533645	0.000999466234878148
mplazo_fijo_dolares_avg6_delta1	0.000388407322263562	0.00217694091936661	0.000415548685469051
mcuentas_saldo_tend6_delta1	0.000388138717568952	0.000413677349464441	0.000891996747256841
mcomisiones_mantenimiento_ratioavg6_delta1_delta2	0.000387825173533932	0.000505302567332649	0.000945731491067494
chomebanking_trx_delta1_delta2	0.000386659523838314	0.000475514747362002	0.000877667482240667
mrentabilidad_annual_ratioavg6_delta1_delta2	0.000385603911089787	0.000395626352318959	0.000949313807321538
Visa_cconsumos_min6	0.000385585763805634	0.002325969391617	0.00087050284973258
ccajas_trx_tend6_delta1_delta2	0.000385111156814336	0.00269591153422676	0.000849008952208319
Visa_mpagominimo_max6_delta1	0.000384708237707752	0.00116213889742342	0.000469283429279704
Visa_fechaalta_tend6_delta2	0.000383630154444864	0.000757311989433411	0.000752286413349143
Visa_mpagominimo_tend6_delta1_lag2	0.000383514106215739	0.000399521687295007	0.000956478439829625
Visa_fultimo_cierre_tend6_lag1	0.000383094248965496	0.00054344962767067	0.000737957148332969
cmobile_app_trx_tend6_lag2	0.000382807042700069	0.00403774777952235	0.000967225388591756
Master_msaldopesos_ratioavg6	0.000381315406557731	0.000835946191836426	0.000737957148332969
mtarjeta_visa_consumo_min6_lag2	0.000379401140392059	0.00056312182274662	0.000684222404522316
mcaja_ahorro_avg6_delta1_lag2	0.000379230728911636	0.000405407568263537	0.000899161379764928
mpasivos_margen_avg6_delta1_lag2	0.00037878264974297	0.000507295803173978	0.000949313807321538
Master_mpagospesos_avg6_delta2	0.000378641742525148	0.00158924194771123	0.00075945104585723
Visa_msaldototal_avg6_delta1_lag2	0.00037681014167429	0.000381101949472732	0.000795274208397666
Visa_Fvencimiento_tend6_lag1_lag2	0.000376557796219411	0.000483723471886405	0.0007487040970951
mpagomiscuentas_tend6	0.000376259269457712	0.00276400054576663	0.000644816925727837
ctarjeta_visa_trx_ratioavg6_lag2	0.000376231109650943	0.000560721638805639	0.00100304855113219
thomebanking_tend6_delta1_delta2	0.000375045909530113	0.00113573539899423	0.000788109575889579
Visa_cconsumos_avg6_delta1_lag2	0.000374762412624217	0.000758384226814384	0.000913490644781102
matm_other_avg6_lag1_lag2	0.000374741044682203	0.00208397147122978	0.000795274208397666
ctrx_quarter_delta2	0.000374146494658342	0.000739826294392242	0.000881249798494711
ctarjeta_master_trx_ratioavg6	0.000371885778643113	0.000881538175318921	0.000523018173090357
chomebanking_trx_lag2	0.000371244201381744	0.000424991663558994	0.00100663086738623
mcuenta_corriente_delta1_delta2	0.000370265982229111	0.00077579093285341	0.000777362627127448
mtarjeta_visa_debitos_automaticos_tend6_delta1_delta2	0.000369498756037184	0.00113635548146107	0.000806021157159796
Visa_fechaalta_avg6_delta1_delta2	0.000365397497576747	0.000361532026499154	0.000755868729603187
mcaja_ahorro_lag1_lag2	0.000365158936233457	0.000442433453325446	0.000813185789667883
Visa_mconsumospesos_avg6_delta1_lag2	0.000364655020759263	0.000814134496772741	0.000906326012273015
mcomisiones_mantenimiento_tend6_lag1_lag2	0.000364653046266881	0.00045806153296873	0.000791691892143622
Visa_mpagominimo_max6_delta2	0.000363626538276174	0.000709040829730672	0.000648399241981881
chomebanking_trx_ratiomax6_lag1_delta2	0.000362823569722625	0.000315591027898074	0.000963643072337712
ctarjeta_visa_trx_tend6_lag1	0.000362167168317216	0.00154245786949702	0.000712880934554664
cliente_edad_ratioavg6_delta1_delta2	0.000362142571169984	0.000532930554372132	0.0010281247649105
mcaja_ahorro_tend6	0.000362114165269228	0.000544539189992062	0.000866920533478537
Visa_mpagado_tend6_delta1	0.000361816754311169	0.00216289039268703	0.000730792515824882
mtarjeta_visa_debitos_automaticos_avg6_lag1	0.000359267244826501	0.000301545909839291	0.000608993763187402
mcaja_ahorro_dolares_min6_lag1_lag2	0.000359068742552063	0.000611122175409058	0.000745121780841056
Visa_fechaalta_tend6_delta1	0.000358629707124062	0.000204042388856291	0.000408384052960963
ctarjeta_visa_trx_tend6_lag1_lag2	0.000358568313473625	0.000532893156796236	0.00080960347341384
chomebanking_trx_min6_lag1	0.000358504166654603	0.000672028654220948	0.000777362627127448
Visa_msaldototal_ratiomax6_lag1	0.000358463882391607	0.000544159313919508	0.000913490644781102
mprestamos_personales_ratiomax6_lag1_lag2	0.000358278290157483	0.000630443070441058	0.000501524275566096
Visa_cconsumos_avg6_delta1	0.000358210238663684	0.000504561123513561	0.000795274208397666
cmobile_app_trx_ratiomax6_delta2	0.000357115615769026	0.000506527171635368	0.000960060756083669
mpasivos_margen_avg6_delta1_delta2	0.000356582246925273	0.000405162502787464	0.00093140222605132
chomebanking_trx_min6	0.000352730708923805	0.00180426340294189	0.000845426635954275
cprestamos_personales_avg6_lag2	0.000349997154132415	0.00108245993459001	0.000347484676642223
mpayroll_max6_delta2	0.000348154617761726	0.00242693188467772	0.000630487660711663
Visa_cconsumos_avg6_delta1_delta2	0.000346862607755307	0.000408295019769183	0.00093140222605132
Visa_fultimo_cierre_ratiomax6	0.000344963617571786	0.000256856066952122	0.000820350422175971
mprestamos_personales_ratioavg6_lag1_lag2	0.000344688647945835	0.000518509609475618	0.000408384052960963
mpayroll_sobre_edad_lag1_lag2	0.000344632921682417	0.000255059884231115	0.000186280445210264
mcomisiones_mantenimiento_tend6_delta2	0.000343085667891243	0.000565800131273688	0.000845426635954275
Visa_mpagospesos_tend6_delta1	0.000342886719078303	0.000641061494608275	0.00093140222605132
Visa_mconsumospesos_ratiomax6_lag2	0.00034160519569361	0.00030681248926484	0.00087050284973258
Visa_mconsumosdolares_avg6_delta1_lag2	0.000341565732947283	0.00209907913742907	0.000838262003446188
mactivos_margen_max6_delta2	0.000340711035107876	0.000556357865206851	0.000813185789667883
mtarjeta_visa_debitos_automaticos_max6_lag2	0.000339575573338107	0.000665249483127489	0.000669893139506142
mcomisiones_mantenimiento_avg6_delta1_lag2	0.000337737801159978	0.000985008937967276	0.000745121780841056
ccajas_consultas_avg6_lag1	0.000337463447468968	0.00106822349018587	0.00075945104585723
ctrx_quarter_max6_delta1_lag2	0.00033697024483144	0.000436965250928846	0.000608993763187402
mextraccion_autoservicio_tend6_lag1_delta2	0.000336283341316082	0.000587119526152287	0.000806021157159796
mpayroll_min6_delta1	0.000334535546936809	0.00203371381476939	0.000361813941658397
Visa_mpagominimo_tend6_delta1_delta2	0.000333621797874946	0.000411217179001877	0.000827515054684058
Visa_delinquency_tend6	0.00033294276271006	0.000643745414217883	0.000304496881593701
ctransferencias_recibidas_avg6_delta2	0.0003328182807421	0.000716171879330198	0.000777362627127448
mtransferencias_recibidas_tend6_lag1	0.000332107821045224	0.000737150936021973	0.000884832114748754
Visa_msaldopesos_min6_delta2	0.000331223459255526	0.00189938854800574	0.000770197994619361
mautoservicio_ratiomax6_lag1	0.000329621742554923	0.000543046092497512	0.000902743696018972
mprestamos_prendarios_min6	0.000328911718385716	0.00660386097582449	0.000720045567062751
Visa_mpagominimo_max6_delta1_delta2	0.000327982299328968	0.000727317774179245	0.00057675291690101
mcomisiones_otras_delta1_lag2	0.000327401651446082	0.00034247699265635	0.000877667482240667
cmobile_app_trx_lag1_lag2	0.000327317454325399	0.000296023794773342	0.000852591268462362
Visa_mpagominimo_ratiomax6_lag1_delta2	0.000325934117359234	0.000281847770737372	0.00080960347341384
mtransferencias_recibidas_tend6_lag1_delta2	0.000325611910718272	0.000360294262183262	0.000866920533478537
mtransferencias_recibidas_lag1	0.00032531889623267	0.000585398601352765	0.000673475455760185
mtransferencias_emitidas_avg6_delta2	0.000324907870734817	0.00090249484552675	0.000784527259635535
mrentabilidad_ratiomax6_delta1_delta2	0.000324466790002714	0.000384167393771928	0.000841844319700232
chomebanking_trx_lag1_delta2	0.00032422110249352	0.000362576960468182	0.000913490644781102
mtransferencias_emitidas_tend6	0.000322807213105703	0.000982436459084602	0.000752286413349143
cplazo_fijo_ratioavg6	0.00032188942620694	0.00168853326371454	0.00029374993283157
mactivos_margen_ratioavg6_delta1_delta2	0.000321092028409879	0.000496226409939969	0.000820350422175971
mautoservicio_avg6_delta1	0.00032077472351181	0.00152439527418609	0.000648399241981881
Visa_mconsumospesos_lag2	0.000320774359861711	0.000383751826586726	0.000823932738430014
ctarjeta_visa_debitos_automaticos_max6_lag1_lag2	0.000320270493619863	0.000950366287906306	0.000651981558235924
mtransferencias_recibidas_max6_delta2	0.000319857101276328	0.00101761288506448	0.000737957148332969
chomebanking_trx_avg6_delta1	0.000319766241873687	0.000368328001917126	0.000827515054684058
mrentabilidad_annual_max6_delta1_lag2	0.000318649292788104	0.000411633237879879	0.000691387037030403
matm_avg6	0.000317111072739127	0.000533093825304792	0.000784527259635535
mtransferencias_emitidas_ratiomax6_delta1	0.000316630708518982	0.000426641206133218	0.000884832114748754
chomebanking_trx_avg6_delta1_lag2	0.000316214197706632	0.000345488697824832	0.000823932738430014
mpayroll_max6	0.000316166402729338	0.00185924223582037	0.000523018173090357
Visa_mconsumosdolares_tend6_delta1_lag2	0.000315927997851221	0.00221136039874265	0.000845426635954275
ctrx_quarter_max6_delta1_delta2	0.000315621425876996	0.000531201907103341	0.000651981558235924
mcuentas_saldo_min6_delta1_delta2	0.000314816075988767	0.000471473177162654	0.000784527259635535
mcuenta_corriente_min6_lag1_delta2	0.000314455979514934	0.000359630361211023	0.000583917549409097
ccallcenter_trx_tend6_delta1_delta2	0.000314333695547358	0.000850732869406721	0.000666310823252098
mcomisiones_mantenimiento_delta2	0.000313941787488815	0.00105805328739038	0.000508688908074183
ccajas_trx_tend6_lag1_delta2	0.000313028316368598	0.000962635324802664	0.000705716302046577
ctransferencias_recibidas_tend6_lag1_delta2	0.00031298093965721	0.000491655141979638	0.000942149174813451
ctransferencias_emitidas_max6_lag2	0.000310342029054656	0.000794199535279923	0.000587499865663141
ccallcenter_trx_avg6_lag1_delta2	0.000310291915254708	0.00128942685437368	0.00068780472077636
cmobile_app_trx	0.000308444196415477	0.000539342488790305	0.000845426635954275
Visa_msaldopesos_max6_delta2	0.000306922180322233	0.000947107058797752	0.000745121780841056
Visa_mpagospesos_max6_delta2	0.000305542910061279	0.0018770315367039	0.00080960347341384
ccaja_seguridad_lag1	0.000304579657987703	0.000815859326191556	0.00017195118019409
ctarjeta_visa_debitos_automaticos_ratiomax6_lag1_lag2	0.000302796640967095	0.000479342026269928	0.000694969353284447
mtransferencias_recibidas_lag1_lag2	0.000302102053629316	0.000482010240633046	0.000651981558235924
Master_mpagospesos_tend6_lag1	0.000301915373528696	0.00132264666116426	0.000755868729603187
mrentabilidad_annual_min6_delta1_lag2	0.000301873111958887	0.000498917271094987	0.000720045567062751
Visa_cconsumos_tend6_lag1	0.000300720967057332	0.000405294594611992	0.000727210199570839
chomebanking_trx_min6_lag1_lag2	0.000300679321125189	0.000373467319676829	0.000716463250808708
mcomisiones_mantenimiento_avg6_delta1_delta2	0.000299331952392515	0.000585110006602351	0.000691387037030403
mtransferencias_emitidas_tend6_delta2	0.000298326194834519	0.000744872421904818	0.000734374832078926
ctarjeta_visa_debitos_automaticos_tend6	0.000291175983137179	0.000302339964787964	0.000472865745533747
Visa_mpagado_ratioavg6_lag1	0.000290142403136277	0.00143738916309532	0.000530182805598444
ctrx_quarter_min6_delta1_delta2	0.000289904693913405	0.00042811880084302	0.000727210199570839
mtransferencias_emitidas_delta2	0.000289058423670039	0.000791668734592814	0.000558841335630792
Visa_Fvencimiento_avg6_delta1	0.000287796891957395	0.000520744787097586	0.000723627883316795
ccajas_consultas_avg6_delta1_delta2	0.000286358721120345	0.00342730032232713	0.000591082181917184
mcuenta_corriente_max6_lag1_lag2	0.000284779424441399	0.000476726480882607	0.000608993763187402
ccomisiones_otras_min6	0.000284223952832361	0.000474452257067709	0.000540929754360574
ctransferencias_emitidas_ratiomax6_delta1_lag2	0.00028284546408045	0.000502234404261501	0.000849008952208319
mcuenta_corriente_min6_delta1_delta2	0.000281152178875559	0.000362026958686875	0.00068780472077636
tcallcenter_tend6_delta2	0.000281063306389259	0.000518152756195341	0.000512271224328226
cpagomiscuentas_avg6_lag1	0.000280251003373641	0.000554305915460597	0.000659146190744011
mtarjeta_visa_debitos_automaticos_max6	0.000279762530975666	0.000310766538145813	0.000623323028203576
Visa_status_tend6_delta1	0.00027820217266204	0.000123073050577407	0.000146874966415785
mtarjeta_visa_debitos_automaticos_avg6_delta1_lag2	0.000276386178199122	0.000589408413981863	0.000666310823252098
mv_mpagominimo_delta1_delta2	0.000275824722920204	0.000538388402296828	0.000580335233155053
ctrx_quarter_min6_lag1_delta2	0.000275808912158438	0.000431765136800596	0.000662728506998055
mplazo_fijo_dolares_tend6	0.00027580785195429	0.00341185897025537	0.000383307839182659
cplazo_fijo_ratiomax6	0.000275761465951175	0.00102689908205202	0.000204192026480482
cpagomiscuentas_tend6_lag1_lag2	0.000272571060227204	0.00092982587903822	0.000505106591820139
ctransferencias_recibidas_tend6_lag2	0.000272034972149947	0.000352979435169011	0.000709298618300621
mautoservicio_ratioavg6_delta1	0.000271272270030548	0.000528906540498049	0.0007487040970951
chomebanking_trx_max6_delta2	0.000271111682166995	0.000552142698526045	0.000662728506998055
ctrx_quarter_min6_delta1	0.000271021607287239	0.000640997372082552	0.000594664498171228
Visa_mconsumosdolares_ratiomax6_lag1_lag2	0.000269098468818546	0.000458839593439855	0.000720045567062751
Visa_fultimo_cierre_ratiomax6_lag1_lag2	0.000267406329311536	0.000200868656448702	0.000677057772014229
ctarjeta_visa_trx_tend6_delta1	0.000267158754414873	0.000475086425087109	0.000651981558235924
Master_mpagominimo	0.000266027564821	0.000831069929724651	0.000490777326803965
cmobile_app_trx_min6_lag1	0.00026506890760982	0.000597883693850004	0.000551676703122705
mtransferencias_emitidas_lag2	0.000264623410132756	0.000664446924785688	0.000558841335630792
cprestamos_personales_delta2	0.000263707013486771	0.000133130019413391	6.44816925727837e-05
mpayroll_ratioavg6_delta2	0.000262559532681483	0.00305397061878805	0.000705716302046577
Visa_mconsumosdolares_ratioavg6_delta1_lag2	0.000262012089606906	0.000522474244213341	0.000694969353284447
ccajas_consultas_tend6_delta1_delta2	0.000261770967629411	0.000701488081247498	0.000605411446933358
Visa_Fvencimiento_avg6_delta1_delta2	0.00026162940763305	0.000332635616651553	0.000727210199570839
Master_msaldototal_ratiomax6_lag2	0.000260771675244781	0.000491745382069966	0.000594664498171228
ctransferencias_recibidas_avg6_lag1_delta2	0.000260478476429184	0.000758472644749042	0.000644816925727837
ccajas_consultas_ratioavg6	0.000259463798114341	0.00124502508562101	0.000340320044134136
ctarjeta_visa_trx_avg6_delta1_delta2	0.000258481950676695	0.000759387135510576	0.000626905344457619
mtransferencias_recibidas_lag2	0.000258387421253377	0.000661443491625487	0.000616158395695489
ctarjeta_visa_descuentos_avg6	0.000257871962674162	0.00384456393445825	0.000469283429279704
Visa_mconsumosdolares_ratioavg6_delta2	0.000256638867182857	0.000503211253239301	0.000673475455760185
ccomisiones_otras_ratiomax6_delta1_delta2	0.000255726778005261	0.00024540497548989	0.000612576079441445
chomebanking_trx_min6_lag2	0.000254538912955795	0.000292085682523706	0.000594664498171228
chomebanking_trx_max6_lag1_delta2	0.000252973063219371	0.000540983065201708	0.000644816925727837
ctransferencias_emitidas_tend6	0.000252299171510519	0.000743993680102144	0.000591082181917184
ctarjeta_visa_trx_ratiomax6_delta2	0.000250145904699451	0.000296667623110104	0.0007487040970951
Visa_fultimo_cierre_ratioavg6_lag1_lag2	0.000248415178994662	0.000250843734164709	0.000741539464587013
Visa_fultimo_cierre_avg6_delta1	0.000247612318458818	0.000223441144889305	0.000623323028203576
mextraccion_autoservicio_tend6_delta2	0.000245337627282061	0.000616457273672424	0.000644816925727837
mv_Finiciomora_lag1	0.000244667221223969	0.000709370379599004	0.000175533496448133
mprestamos_personales_ratioavg6_lag1_delta2	0.000244160779991435	0.000644423285050259	0.000476448061787791
ccomisiones_otras_ratiomax6_delta1_lag2	0.000242893553190473	0.00024039014277787	0.000677057772014229
mtarjeta_visa_debitos_automaticos_tend6_lag2	0.000242188649571172	0.000974566800130363	0.000616158395695489
Master_mpagospesos_avg6_delta1	0.000240686240087494	0.00109513539897011	0.000537347438106531
Visa_mconsumosdolares_ratioavg6_delta1_delta2	0.000240674794090056	0.000478433030898509	0.000659146190744011
Visa_mconsumosdolares_min6	0.000239092589468799	0.0020822738584536	0.000580335233155053
internet_avg6_delta2	0.000239047379929868	0.000298843652980559	0.000351066992896267
mautoservicio_avg6_delta1_lag2	0.000234809533523725	0.000456982209426818	0.000630487660711663
ctransferencias_emitidas_tend6_lag1_delta2	0.000234231970039018	0.000622531010213608	0.000623323028203576
mv_Finiciomora_delta1	0.000229626497285184	0.00061460049704461	0.000114634120129393
Visa_cconsumos_lag1_delta2	0.000227796018301307	0.000356610788957744	0.000580335233155053
mextraccion_autoservicio_ratioavg6	0.000227610586121914	0.00044574876433629	0.000598246814425271
mprestamos_personales_max6_lag1_delta2	0.00022680573437919	0.000541478633697758	0.000401219420452876
mpayroll_min6_delta1_delta2	0.000225037337933417	0.00135242337466226	0.000311661514101788
internet_ratioavg6_delta1_delta2	0.000224577814870336	0.000187835991711049	0.000311661514101788
Visa_mconsumosdolares_ratioavg6_lag1	0.000223957909957537	0.00124881013679436	0.000619740711949532
mprestamos_personales_min6_delta2	0.00022378821204972	0.000425877780753665	0.000297332249085614
mtransferencias_emitidas_delta1	0.000220731976777939	0.000504312384803042	0.000537347438106531
tpaquete9_avg6	0.000219316360423457	0.000720210065526159	0.000250762137783048
Visa_delinquency_tend6_delta1_delta2	0.000216549514170378	0.000780441826124213	0.000340320044134136
Visa_mlimitecompra_ratioavg6	0.000216263223584994	0.000673908135486873	0.000257926770291135
internet_tend6	0.000215689656590269	0.00039525821902739	0.000433460266739268
mcuenta_debitos_automaticos_avg6_delta1	0.00021559676621943	0.000810311209253426	0.000386890155436702
cmobile_app_trx_ratioavg6_delta1_delta2	0.000215195241554228	0.000431085009965961	0.000616158395695489
internet_tend6_delta2	0.000214338249117627	0.000502950627132267	0.000437042582993312
Master_mpagominimo_max6_lag1_delta2	0.000213423247846324	0.00127398177122126	0.000462118796771617
mprestamos_personales_avg6_delta1_delta2	0.000213226256363224	0.000856626501767626	0.000361813941658397
ccomisiones_mantenimiento_delta2	0.000212363565836865	0.00055016730824104	0.000257926770291135
mtarjeta_master_consumo	0.00021173466526573	0.000300264124556258	0.00023285055651283
tmobile_app_tend6_lag1	0.000209942729743424	0.000748399594666191	0.000429877950485225
mcuenta_corriente_min6_delta1_lag2	0.000209116901841271	0.000213531076508057	0.000351066992896267
mprestamos_personales_delta1	0.000208372074974868	0.000918041159549728	0.000243597505274961
ctarjeta_master_trx_avg6_delta1	0.000207248396786546	0.00111833120926541	0.000469283429279704
cextraccion_autoservicio_ratioavg6_lag1	0.000206829323701448	0.000321649406270039	0.000587499865663141
thomebanking_avg6_delta2	0.000206308623260541	0.000618704570075753	0.000472865745533747
ctarjeta_visa_trx_min6_delta1	0.000205125887321323	0.000289341718546303	0.000247179821529004
mextraccion_autoservicio_tend6	0.000204300810939982	0.000458097137312061	0.0005266004893444
Visa_mconsumospesos_min6_delta1	0.000203627189235084	0.000703439581047051	0.000411966369215007
cforex_sell_avg6_lag1	0.000203446543559053	0.000459949430858465	0.000383307839182659
ccajas_consultas_avg6_lag1_delta2	0.000202586386887695	0.00176673535491579	0.000429877950485225
ccomisiones_mantenimiento_tend6_lag2	0.000202313797588321	0.00207464342250804	0.000444207215501399
Master_mpagominimo_max6_delta1	0.000202193094384492	0.0016548174256582	0.00046570111302566
mextraccion_autoservicio_tend6_lag1	0.000195210685944009	0.000489888894673211	0.000497941959312052
ctransferencias_emitidas_avg6_lag1_delta2	0.000194134312084484	0.000544313300535183	0.000472865745533747
Visa_Finiciomora_max6	0.000191876863951335	0.000892123251145065	0.000247179821529004
mextraccion_autoservicio_tend6_lag2	0.000190977157457806	0.000450001878132003	0.000494359643058008
matm_tend6_delta1	0.000190726337185205	0.000525840575582947	0.000458536480517573
ccomisiones_mantenimiento_tend6_lag1_lag2	0.000188598403616978	0.00259958619596155	0.000451371848009486
mpayroll_sobre_edad_delta2	0.000188119363766586	0.00064279641819104	0.000247179821529004
Visa_cconsumos_min6_delta1_delta2	0.000187495553841812	0.00120282529076478	0.000329573095372006
mcaja_ahorro_adicional	0.000184483630024391	0.00274106854312001	0.000318826146609875
thomebanking_avg6_delta1	0.000181717255513532	0.000416451248856424	0.000318826146609875
cpayroll_trx_min6_delta2	0.000181278712309162	0.000359416012073389	0.000150457282669829
mtarjeta_visa_debitos_automaticos_tend6_delta1	0.000180451337961759	0.000364912067420945	0.000497941959312052
Visa_delinquency_tend6_lag1	0.000177899245361899	0.000887209070841488	0.000265091402799222
mtransferencias_emitidas_avg6_delta1	0.000177789649115349	0.000367986535729174	0.000444207215501399
Visa_mconsumospesos_min6_delta1_delta2	0.00017743093090346	0.00042657922391733	0.0005266004893444
ccuenta_debitos_automaticos_avg6_delta1	0.000175676152483602	0.00322576527751908	0.000411966369215007
Master_fechaalta_avg6_delta1_lag2	0.000174924294218678	0.000186323342196928	0.000444207215501399
Visa_delinquency_tend6_delta2	0.000172503187852979	0.000338089357495216	0.000218521291496656
chomebanking_trx_max6_delta1_delta2	0.000169817846141518	0.000285804104543708	0.000462118796771617
internet_tend6_lag1	0.000167736240358407	0.00029296925448506	0.000318826146609875
ctarjeta_visa_debitos_automaticos_avg6_delta1_delta2	0.000162689025535722	0.000374534003821474	0.000390472471690746
Visa_fechaalta_avg6_delta1_lag2	0.000161541840058644	0.000196126655394395	0.000379725522928615
cproductos_delta2	0.000159998833924507	0.000159938036401336	0.000128963385145567
cproductos_ratioavg6_delta1_delta2	0.00015958294316962	0.000243086586092321	0.000437042582993312
Master_msaldototal_max6_delta2	0.000158581837023889	0.000480445384912821	0.000408384052960963
mextraccion_autoservicio_avg6_delta1_lag2	0.000155485776058346	0.000405002384473344	0.000429877950485225
ccajas_trx_tend6_delta1	0.000154969731510134	0.000493173402576299	0.000408384052960963
mprestamos_personales_tend6_delta1_delta2	0.000153708307346996	0.00108523799890924	0.000365396257912441
ccajas_consultas_tend6_delta1_lag2	0.000153352850457935	0.000612080600368415	0.000419131001723094
internet_tend6_lag1_lag2	0.000152246174598104	0.000376024989929295	0.000297332249085614
mtransferencias_emitidas_avg6_delta1_lag2	0.00015081190481271	0.00031221535436527	0.000397637104198833
ccomisiones_mantenimiento_max6_delta1	0.000149634777228588	0.000270903036089681	0.000132545701399611
mpayroll_tend6_delta2	0.000148709122063459	0.000828415598452352	0.000383307839182659
mv_Fvencimiento_delta2	0.000148536410189739	0.000158734806273858	0.000154039598923872
mcuenta_corriente_max6_delta1_delta2	0.000146766271168188	0.000392629195472732	0.000329573095372006
ccomisiones_mantenimiento_tend6_delta2	0.000144617844360439	0.000396099707869698	0.000351066992896267
mtarjeta_visa_debitos_automaticos_lag1_delta2	0.000144572954443198	0.000456785966153461	0.000401219420452876
internet_tend6_delta1	0.000143220293554764	0.000233161130618748	0.000311661514101788
mpayroll_max6_lag1_delta2	0.000142855643710022	0.00126877948786007	0.000322408462863919
internet_tend6_delta1_lag2	0.000141479628392095	0.000355673535711886	0.000322408462863919
mcaja_ahorro_max6_delta1_lag2	0.00014042464241958	0.000328406075187128	0.000401219420452876
internet_avg6_lag1_delta2	0.000139724093683965	0.00025530269370493	0.000254344454037091
ccaja_seguridad_max6	0.000139285635701246	0.000279609961112769	7.52286413349143e-05
mcuenta_corriente_max6_delta1_lag2	0.000137028853341891	0.000803708411259589	0.000279420667815396
Visa_Fvencimiento_max6_delta2	0.000136009962756686	0.000200615087579501	0.000286585300323483
mtransferencias_recibidas_min6	0.000132683522281349	0.000604340690467129	0.000333155411626049
ctrx_quarter_max6_delta1	0.000128829305030265	0.000206620247436658	0.000333155411626049
ccuenta_debitos_automaticos_avg6_delta1_delta2	0.000124375051767786	0.000680356455172236	0.000318826146609875
mtarjeta_master_consumo_tend6_lag1	0.000122578105911067	0.000757740948016633	0.000261509086545178
ccallcenter_trx_delta2	0.000120637249362869	0.000416854581567841	0.000333155411626049
mcomisiones_mantenimiento_max6_delta1	0.000120494579910695	0.000432545279735344	0.000164786547686003
ctarjeta_master_tend6	0.000118308995010806	0.000223925838297547	7.88109575889579e-05
mtarjeta_visa_debitos_automaticos_max6_delta2	0.000109235826788422	0.000217210355883223	0.000254344454037091
Visa_cconsumos_min6_lag1_delta2	0.000106373886486422	0.000271382263030913	0.000279420667815396
tmobile_app_avg6_delta1	9.86474885874784e-05	0.000275737764621421	0.000257926770291135
Master_fultimo_cierre_max6_delta2	8.26704525448897e-05	9.57812946437132e-05	0.000154039598923872
cliente_vip_max6_lag2	7.75953795538769e-05	0.00327232320596846	0.000247179821529004
cmobile_app_trx_min6_delta1	7.72870972712846e-05	0.000724845976628119	0.000197027393972395
ccajas_depositos_ratioavg6_delta1_delta2	7.31117152100365e-05	0.000438231851581294	0.000150457282669829
ccaja_seguridad_max6_lag1_lag2	5.75874229591048e-05	0.000301617234218377	6.44816925727837e-05
Visa_status_max6_lag1_lag2	5.61885150377971e-05	0.000532405513231195	0.00011105180387535
Visa_Fvencimiento_ratiomax6_delta2	3.45407123374159e-05	0.000106921202409844	9.3140222605132e-05
Master_mpagado_avg6_delta1	3.36571702793767e-05	0.000171108255582423	9.67225388591756e-05
mcomisiones_mantenimiento_max6_delta1_delta2	3.07788880833423e-05	0.000186457053715385	0.000100304855113219
mcaja_ahorro_adicional_lag2	2.91888868663212e-05	0.00027544115817068	8.5975590097045e-05
mpagomiscuentas_min6_delta2	2.20575303052137e-05	9.45347666267417e-05	7.16463250808708e-05
