Feature	Gain	Cover	Frequency
ctrx_quarter_min6	0.0404145119960257	0.00478785426689969	0.0012108266321022
mcaja_ahorro	0.0370180914722802	0.00354543915127619	0.00170174796723924
ctrx_quarter_normalizado	0.0303058746609957	0.00454395209716976	0.00171780219334527
ctrx_quarter	0.0285642523969551	0.0036734157214443	0.00167470927063961
mdescubierto_preacordado_avg6_delta1	0.0172107909937894	0.000895674545871562	0.000259402495502704
mcaja_ahorro_lag1	0.0171268189732335	0.00137273838758729	0.000918470725118696
mdescubierto_preacordado_tend6	0.0151773430611579	0.000846318466305974	0.00022898396182812
ctrx_quarter_lag1	0.0148487704708305	0.00182912692908932	0.00140770214171826
mtarjeta_visa_consumo	0.0145407957225729	0.00395213627984538	0.00122941573601445
cpayroll_trx	0.0101968866615435	0.00461419271229187	0.000459657842193717
mcuentas_saldo	0.00985627559128254	0.00347840246037223	0.00268612551531953
mprestamos_personales_ratioavg6	0.00896988293584418	0.00351529950687274	0.000977617873930387
mprestamos_personales_ratiomax6	0.00845063279309824	0.00220942282990604	0.00100550152979876
mpayroll	0.00806795350587283	0.00545383357290686	0.000659068229615991
mcaja_ahorro_ratioavg6	0.0077431932171054	0.0019818999968693	0.00238194017857369
mcuenta_corriente_avg6_delta1	0.00726747561151814	0.000596656585132113	0.00100550152979876
mpayroll_sobre_edad	0.00723763082293165	0.00623447264748392	0.000738494400877406
ctarjeta_visa_trx	0.0071779103013361	0.00222263514232946	0.001024090633711
mcaja_ahorro_ratiomax6	0.00681512879126735	0.00108932876235605	0.00199917362983517
mtarjeta_visa_consumo_min6	0.00679539773549019	0.00190210979075271	0.000730044808190021
mv_mpagospesos	0.00651272371437894	0.00171863977798496	0.000698781315246699
mpasivos_margen	0.00571359571999386	0.0021767001891158	0.00181919730559388
ctarjeta_visa_ratioavg6	0.00569198985813824	0.000785781059897286	0.000108154786398522
cpayroll_trx_ratioavg6	0.0056653486632701	0.0038198588632849	0.000672587577915807
mv_status04	0.00548431370505663	0.000634310069866421	0.000269542006727566
ctarjeta_visa_tend6	0.00547593538571748	0.000416321611681774	7.52013749177221e-05
mpasivos_margen_max6	0.00514548360720747	0.00114680846300136	0.00124631492138921
cproductos_ratioavg6	0.0048028614113825	0.00622511957066609	0.00112633070522835
mv_status07	0.00473072003510541	0.000843558444397808	0.000207859980109659
mv_msaldopesos	0.00471269687698916	0.00154550377458626	0.000761308301133344
Visa_msaldopesos	0.00459882292498177	0.00260108712724033	0.00132912092972558
mcaja_ahorro_max6	0.00455790836151751	0.00134709844881632	0.00147783376102355
mv_status06_delta2	0.00449372223359714	0.000913023293251645	0.000218844450603259
Visa_status_max6	0.00436859105130988	0.00107281419366978	0.000412340123144364
mdescubierto_preacordado_tend6_delta1_delta2	0.00411773772690904	0.00136799626235776	0.000389526222888426
mpayroll_ratioavg6	0.00399963648349895	0.00236847945775874	0.000696246437440483
mcuentas_saldo_min6_delta2	0.00386676121693534	0.00151741340511654	0.00142967108270546
mprestamos_personales	0.00385134488713014	0.00247102536733093	0.000743564156489836
mpasivos_margen_max6_lag1	0.00370478939711873	0.000833613736979833	0.00112886558303457
ctarjeta_visa_trx_ratioavg6	0.00364896429071367	0.00245230473640849	0.00125307459553912
mcuenta_corriente	0.00364531188791336	0.00351644591095685	0.00191298778442385
mdescubierto_preacordado	0.00359155082206564	0.000734614505673325	0.000355727852138888
mpayroll_ratiomax6	0.00353857934379202	0.00219346263850581	0.000514580194661716
foto_mes	0.00331542564290758	0.00299189157867934	0.00252896309133418
mdescubierto_preacordado_delta1	0.00300340083318102	0.000763607424751091	0.00017997632424129
mpasivos_margen_avg6	0.00289172023229875	0.00106531007625045	0.00100634648906749
mv_msaldototal	0.00285692644615104	0.00100849293634402	0.000689486763290576
mtarjeta_visa_consumo_ratioavg6	0.00282630398985929	0.00107361038019388	0.00101902087809857
mes	0.00262542070183788	0.00218488842258338	0.00183525153169991
ctrx_quarter_min6_lag1_lag2	0.00252871728091282	0.00144101533865417	0.00114745468694682
ctrx_quarter_lag1_lag2	0.00248626635378816	0.00072076422890726	0.00104521461542946
mcuenta_corriente_min6_delta2	0.00236600409480037	0.000699973110399396	0.000948044299524542
mvr_mpagospesos	0.00236473409873061	0.00113358083806308	0.00117871817989014
cproductos_ratiomax6	0.00234703211897873	0.000717741966797152	0.000666672863034637
cpayroll_trx_lag1	0.00231663765024868	0.00057319307941648	0.000108154786398522
mtarjeta_visa_consumo_ratiomax6	0.0023108039046895	0.000786359830126562	0.000938749747568418
ctrx_quarter_ratioavg6	0.00231043169443248	0.000895237025560776	0.00182426706120631
mcuentas_saldo_ratiomax6	0.00228288348087252	0.00170424458985113	0.0025205134986468
mcuentas_saldo_ratioavg6	0.00225198237881172	0.00215961352131687	0.00285004761345479
mcaja_ahorro_dolares_delta1	0.0022060941672076	0.00395665234738185	0.0011449198091406
mactivos_margen	0.00216865477142577	0.00263651137751319	0.00210817337550243
mcomisiones_mantenimiento_avg6_delta1	0.00209432179385448	0.00195735832948715	0.00124124516577678
mtransferencias_recibidas	0.00208452990244792	0.00227852590721138	0.00114914460548429
mcuenta_corriente_ratioavg6	0.00206480425239338	0.000876675944618288	0.00216478564650791
ctarjeta_visa_trx_ratiomax6	0.00204888385364515	0.00137048651630318	0.00100465657053002
mprestamos_personales_ratiomax6_delta2	0.00202221346715977	0.000623384397773072	0.000570347506398454
ccomisiones_mantenimiento_avg6_delta1	0.00197253595066201	0.00086877465482941	0.000418254838025533
mprestamos_personales_ratiomax6_lag1	0.00195285100264303	0.000575982784045747	0.000540773931992608
ctrx_quarter_ratiomax6	0.00194774321006496	0.00099012546769599	0.00176089511605093
mtarjeta_visa_consumo_avg6_delta1	0.00188749790054873	0.00179040634410657	0.000790036916270451
mcuentas_saldo_avg6_delta1	0.0017326062995127	0.000856092808611132	0.00124293508431426
mdescubierto_preacordado_min6_delta1_delta2	0.00171842241765492	0.000890080241712215	0.000205325102303443
ccomisiones_mantenimiento_ratioavg6	0.00166244239292265	0.00124744111132071	0.00111872607180971
mpayroll_sobre_edad_lag1	0.00162943657931316	0.000680738439424113	0.000303340377477104
ccaja_ahorro	0.00158814941584558	0.00435124850944835	0.000848339105813404
mprestamos_personales_ratioavg6_lag1	0.00158396333646154	0.000524455197128904	0.000517115072467932
mprestamos_personales_min6	0.00152581446676937	0.000550933255156956	0.000289821029177289
mv_mpagominimo	0.00151667165576488	0.00146237551518784	0.000819610490676297
ccaja_ahorro_max6	0.00148726296081336	0.00264357143200175	0.00080186634603279
tcallcenter_tend6	0.00148193353111822	0.00472949649525399	0.00120491191722103
mprestamos_personales_avg6_delta1	0.00147286015792804	0.00128874753032412	0.000489231416599563
cproductos_tend6	0.00145200206059083	0.000723764550218111	0.000624424899597715
mactivos_margen_min6	0.00142507367819851	0.00176769170603172	0.00181919730559388
ccomisiones_mantenimiento_tend6	0.00141947614866998	0.00144836866528037	0.000589781569579438
cproductos	0.00141544932165127	0.00255825640627748	0.00122603589893949
cprestamos_personales_ratioavg6	0.00139164591053943	0.00170485149013392	0.000538239054186393
mcomisiones_mantenimiento_ratioavg6	0.00137325442148331	0.00183190400892487	0.0015910583030345
mprestamos_personales_avg6_lag1_lag2	0.0013723974629324	0.000373006351350289	0.000405580448994456
mcuentas_saldo_min6	0.00135841571252197	0.00342875851623543	0.00153022123568533
mcaja_ahorro_ratiomax6_lag1	0.00131515299981776	0.000560042381126252	0.00146600433126121
mactivos_margen_ratioavg6	0.00131131010826346	0.00127895288555172	0.00235152164489911
cproductos_ratiomax6_delta2	0.00131050374676277	0.00130057898585733	0.0006109055512979
Visa_mfinanciacion_limite	0.00130627163346244	0.00194333268694782	0.00256360642135246
mprestamos_personales_tend6	0.00129763286746082	0.00141891159496564	0.000457122964387502
Master_status_max6	0.00128407039249142	0.000883690843250107	0.000385301426544733
mvr_msaldopesos	0.00127689663854448	0.00141111888482754	0.00110436176424116
ctarjeta_visa_trx_avg6_delta2	0.00126993776772572	0.000787574294591383	0.000904106417550142
mvr_msaldototal	0.00125293588537055	0.000986291620882511	0.00103000534859217
mcuentas_saldo_min6_delta1	0.00124821453425223	0.00110965231375824	0.000897346743400235
numero_de_cliente	0.00123030808394282	0.00133082084932847	0.00295228768497215
mpagomiscuentas	0.00119556165395491	0.00433032158071259	0.000713990582083991
Visa_status_tend6_delta1	0.0011887939376848	0.000331162816441227	0.000202790224497228
mpasivos_margen_ratioavg6	0.00117817897330818	0.000834508962280076	0.00185553055414964
cpayroll_trx_min6	0.00116782736203349	0.000763722204364183	0.000111534623473475
mcuentas_saldo_tend6	0.00116286750339235	0.000698021525027214	0.00123195061382066
ctrx_quarter_ratiomax6_lag1	0.00113431608136814	0.000654877647073519	0.0015690893620473
cproductos_avg6_delta1	0.00112128511350038	0.00178109039210622	0.000545843687605039
mcuenta_corriente_min6	0.00110669653030403	0.000893708601001184	0.00164091089989007
mcuentas_saldo_avg6_delta2	0.00108624334593069	0.000698537770938844	0.00120153208014608
mcuenta_corriente_min6_lag1_lag2	0.00108459604557925	0.00181506087436044	0.00169752317089555
mrentabilidad_annual_ratioavg6_lag1_lag2	0.00106126864808892	0.000989281244849069	0.00201776273374742
mactivos_margen_avg6	0.00105938008596369	0.00125610572462104	0.00131982637776946
mcuenta_corriente_min6_delta1	0.00104965938684908	0.000475772054404919	0.000667517822303376
mcuenta_corriente_ratioavg6_lag1_lag2	0.00104513269000816	0.000846615250684782	0.00206677037133425
Master_mfinanciacion_limite	0.00104160392767254	0.00151209062504052	0.00244700204226655
mcuentas_saldo_lag1	0.00103455825042231	0.00155468672186842	0.00152261660226669
mpasivos_margen_min6	0.00103352597334698	0.00163606642056713	0.00120322199868355
Visa_fechaalta_tend6	0.00103249669307306	0.000970399468446885	0.00103254022639839
Visa_mpagominimo	0.00103059881311203	0.000944944875353967	0.0011559042796342
Visa_fechaalta_ratioavg6	0.00102691919722839	0.000877207085430731	0.00179384852753173
ctrx_quarter_ratiomax6_delta1	0.00102502002824057	0.00141900871700041	0.00185384063561216
cliente_edad_min6_lag1_lag2	0.00101995318854001	0.00161276553804247	0.00185046079853721
thomebanking_ratioavg6	0.00101659525822777	0.000796190346874325	0.000982687629542818
ccallcenter_trx_ratioavg6	0.00101394995722185	0.000688276169419755	0.000767223016014513
mcuenta_corriente_ratioavg6_lag1	0.00101264825804357	0.00088090807743876	0.00203550687839093
mvr_mconsumospesos	0.00100340933695905	0.000858179593852229	0.00133926044095044
mprestamos_personales_min6_lag2	0.0010011686415186	0.000261867775881485	0.000255177699159012
mpayroll_min6	0.00099528847864666	0.00168817302399846	0.000313479888701965
chomebanking_trx	0.000992952290795586	0.00163086785389832	0.00199832867056644
cproductos_min6_delta2	0.000984875957305939	0.000478573859133336	0.000281371436489904
mrentabilidad_annual	0.000980413991798776	0.00080159330884631	0.0019974837112977
ctrx_quarter_ratioavg6_lag1	0.000980164678362501	0.000669431110929064	0.0016130272440217
mvr_msaldopesos2	0.000979266437658116	0.00131344900467947	0.0018217321834001
ctrx_quarter_ratioavg6_lag1_lag2	0.000978105881762653	0.000689273174757543	0.00181919730559388
ctrx_quarter_ratiomax6_lag1_lag2	0.000974739566258733	0.000644478072299958	0.00176089511605093
mrentabilidad_max6_lag1_lag2	0.000974699683011061	0.000766752272644451	0.00144741522734897
mprestamos_personales_avg6_delta2	0.000970255094505623	0.000570872087654481	0.00043599898266904
mcomisiones_mantenimiento	0.000966460258916076	0.0021335220453946	0.000960718688555618
mrentabilidad_ratiomax6	0.000964754979751084	0.00145767342736602	0.00174568584921364
mcomisiones_otras_max6_lag2	0.00096366960285874	0.000964035983471453	0.00162654659232152
mvr_msaldototal_lag1	0.000962461896745423	0.000538057539650961	0.000850029024350881
mcomisiones	0.000962174047385923	0.000936517391872829	0.00190876298808016
Master_mfinanciacion_limite_lag1	0.000958998887051179	0.00363357160477725	0.00188172429148053
cliente_edad_avg6_lag1_lag2	0.000956788350908727	0.00124261331096436	0.00178201909776939
mcomisiones_mantenimiento_avg6_delta2	0.000954547321616029	0.000927989059954702	0.000954803973674449
Visa_cconsumos_ratioavg6	0.000945956051699356	0.000929288856888664	0.00118970265038374
mv_Fvencimiento	0.000945368105076989	0.00088296725732091	0.00207184012694668
cliente_antiguedad_ratioavg6_delta1_delta2	0.000943427678527038	0.00111985870455944	0.0019425613588297
ctrx_quarter_delta1	0.000942692226641388	0.00110248061711593	0.00157162423985352
Master_Fvencimiento_avg6_lag2	0.000939700600252086	0.000927695498699649	0.00186989486171819
mcuenta_corriente_ratiomax6	0.000938358271180052	0.000844487603515935	0.00190538315100521
Visa_mfinanciacion_limite_lag2	0.000934975336470743	0.000995668201875242	0.00177018966800705
mactivos_margen_ratioavg6_lag2	0.000934043380429349	0.00108815273979915	0.00212338264233973
Master_Fvencimiento_max6_lag2	0.000933242934219849	0.000881760599026249	0.00193664664394853
mcuentas_saldo_lag1_lag2	0.000930826023862967	0.000849307822571223	0.00142798116416798
mprestamos_personales_avg6_lag2	0.000926409326597166	0.000295097111000661	0.000331224033345473
mactivos_margen_tend6	0.000924862071285441	0.00182364003740305	0.0014702291276049
cliente_edad	0.000923167849832114	0.00164479727387927	0.00231434343707462
mv_fechaalta_lag2	0.00091767054237857	0.000968926093984401	0.00159781797718441
mcaja_ahorro_ratioavg6_lag1	0.00090744590448418	0.000622094944817675	0.00161133732548423
mcuenta_corriente_ratioavg6_lag2	0.00090608453631055	0.000801070274029492	0.00190115835466151
Visa_Fvencimiento_ratioavg6_lag2	0.000905725252731257	0.000714610793086638	0.00200593330398508
Visa_Finiciomora	0.000905366398582706	0.00184227932995987	0.000365867363363749
mv_fechaalta_lag1	0.000903417294946279	0.000871738525930077	0.00170174796723924
mcuentas_saldo_ratioavg6_delta1	0.000903051038453249	0.000866794778782931	0.00201691777447868
chomebanking_trx_max6_lag1_lag2	0.000901988361037873	0.000788182490548505	0.00153867082837272
mcuenta_corriente_min6_lag2	0.000901951453751513	0.001068138501197	0.00135108987071278
mactivos_margen_ratioavg6_lag1	0.000900004823710649	0.000822889419102789	0.00214197174625197
mcuenta_corriente_avg6	0.000898269675568699	0.000873692584862352	0.0013865781599998
mrentabilidad_annual_delta1	0.000898218944986546	0.000829033538917869	0.00167386431137087
mpasivos_margen_ratiomax6	0.000897318509706683	0.000548219770444284	0.00168231390405826
ctrx_quarter_avg6_delta1_lag2	0.000896135509064118	0.00112014404203029	0.00148036863882977
cliente_edad_min6_lag2	0.000894331577602249	0.00186083380403406	0.00180905779436902
Master_Fvencimiento	0.000892628213824289	0.00197817477253881	0.00204480143034705
Visa_mpagominimo_avg6	0.0008924586673075	0.000888476571668791	0.00122772581747697
cprestamos_personales	0.000891035630749891	0.00078683574951306	0.000239123473052981
cproductos_min6_delta1	0.000890554554960884	0.000496187620100919	0.000220534369140736
Master_Fvencimiento_max6_lag1_lag2	0.000889362105444089	0.000827223331960805	0.00196537525908564
cliente_edad_min6	0.000888951831176131	0.00159295453827385	0.00188003437294305
cproductos_avg6	0.000888158665336975	0.0016552916577483	0.00159443814010946
mv_Finiciomora	0.000887085578381005	0.00214067620224717	0.000457122964387502
Visa_Fvencimiento_max6_lag1	0.000884573068270857	0.000900208217446084	0.00183018177608748
Master_mfinanciacion_limite_min6_lag1_lag2	0.00088443851974715	0.000985301897020318	0.00190707306954268
cliente_antiguedad_ratioavg6_lag2	0.000883756950091606	0.00109359748459138	0.00177441446435075
cliente_edad_min6_lag1	0.000881768412059353	0.00175865909980449	0.00177103462727579
mrentabilidad_max6_lag2	0.000880905241731236	0.000516455146973244	0.00121843126552085
mrentabilidad_avg6_lag1_lag2	0.0008796158628825	0.00052711295713717	0.00109591217155377
mcomisiones_ratiomax6	0.000878758806462698	0.000934835296054027	0.00161218228475296
ctrx_quarter_avg6_lag1_delta2	0.000876164217589129	0.000757223658724518	0.00142037653074934
Visa_fultimo_cierre_avg6	0.000875225356461062	0.00102804948066476	0.0016349961850089
Master_mlimitecompra	0.000874864481020657	0.000968786268236873	0.00204480143034705
mcaja_ahorro_dolares	0.00087413409862326	0.00146861232390402	0.000905796336087619
Visa_Fvencimiento_max6_lag2	0.000873140056326522	0.000855011413112809	0.00181919730559388
mcomisiones_otras_ratiomax6	0.000872160826283472	0.000870890405352102	0.00159697301791567
mcaja_ahorro_dolares_ratioavg6	0.000871570857856849	0.00168488208614695	0.00173216650091382
mactivos_margen_delta1	0.000869649378954017	0.00191441123341141	0.0015074073354294
mcuenta_corriente_ratioavg6_delta1	0.000869226048523985	0.00152880206126915	0.00211324313111486
mcuenta_debitos_automaticos	0.000868733007025277	0.0021812022719359	0.000822145368482512
cliente_antiguedad_ratioavg6	0.000868235281740516	0.0011848741113785	0.00177272454581327
chomebanking_trx_tend6_delta2	0.000865436096557332	0.00130652591688846	0.0014524849829614
mrentabilidad_annual_ratiomax6_lag2	0.000864934917376305	0.00100022690887615	0.00142713620489924
chomebanking_trx_delta1	0.000864829897240686	0.00173549862126218	0.00139671767122466
mcomisiones_max6	0.000864403871028272	0.00191124100743399	0.00160457765133432
mcuentas_saldo_lag2	0.000862230509169653	0.000992663340350195	0.00133419068533801
mtarjeta_visa_consumo_tend6	0.000861385038523686	0.00041575777918552	0.000627804736672669
mv_fechaalta_lag1_lag2	0.000859545062593512	0.000955929356070798	0.0015581048915537
mrentabilidad_avg6	0.000856214288655035	0.000735185833806221	0.000992827140767679
mtransferencias_recibidas_avg6_delta2	0.00085224328450929	0.00140861789070562	0.00110605168277863
mcaja_ahorro_ratioavg6_delta1	0.000850908812607066	0.000856027328871039	0.00179553844606921
mv_mfinanciacion_limite	0.000850848956343013	0.000692034652960827	0.00157753895473469
Master_fechaalta_ratioavg6_lag1_lag2	0.000849675877594769	0.00120152734934264	0.00184285616511856
mcuentas_saldo_ratiomax6_delta1	0.000848567395977044	0.000878574771416564	0.00196875509616059
ctrx_quarter_ratioavg6_delta1	0.000846785417626625	0.00108603608980006	0.00180821283510028
chomebanking_trx_ratioavg6	0.00084327613763912	0.000644782170278519	0.00178539893484435
mrentabilidad_ratioavg6	0.000843225319249598	0.000617518537406242	0.00170259292650798
Master_fechaalta_ratioavg6	0.000842046127276355	0.000739987099608858	0.00170766268212041
mvr_mpagominimo	0.000840684637640792	0.00196780679722772	0.00138742311926854
mrentabilidad_annual_ratioavg6_lag2	0.000835726452550759	0.000649062339421813	0.00167555422990835
mtarjeta_visa_debitos_automaticos_ratioavg6	0.000834581317232194	0.00138585395275777	0.00139164791561223
mrentabilidad_annual_ratioavg6_delta1	0.000833501657412487	0.000720380259566254	0.00186904990244945
ctrx_quarter_ratioavg6_lag2	0.000833479529246822	0.000728551274485663	0.00164682561477124
Visa_fechaalta_ratioavg6_lag1_lag2	0.000831604870136148	0.00103991117573779	0.00159950789572189
Visa_msaldopesos_ratioavg6	0.000829576328732883	0.000981642302342657	0.00135531466705647
Master_Fvencimiento_avg6_lag1	0.000824793436758534	0.000798713217547194	0.0017668098309321
mrentabilidad_annual_tend6_lag1_lag2	0.000821855658699463	0.000736220295911114	0.00154120570617893
Master_fultimo_cierre_avg6	0.000821361280994751	0.000749490924387611	0.00168231390405826
mactivos_margen_ratiomax6	0.000820680892671341	0.00261831080456902	0.00153444603202903
ccaja_ahorro_avg6_delta2	0.000820456225182391	0.00124909459522365	0.000332913951882949
mrentabilidad_annual_ratioavg6	0.00081963781001861	0.000587836073297685	0.00173301146018256
mcomisiones_mantenimiento_tend6	0.000817091897141992	0.00199949610025856	0.00124884979919543
Visa_msaldototal_ratiomax6	0.000816803235038124	0.00214935196262999	0.00130630702946964
mrentabilidad_avg6_lag2	0.000816742284712516	0.000430754427911541	0.000887207232175373
mrentabilidad_annual_ratiomax6_lag1_lag2	0.000812121234986694	0.00060664001286737	0.00147698880175481
mrentabilidad_avg6_lag1	0.000811548233770428	0.000629029158275071	0.000897346743400235
cliente_edad_avg6	0.000809888629556395	0.00145187829368494	0.00163753106281512
Master_fechaalta_ratioavg6_delta2	0.000808997823996082	0.00084925466779938	0.00174906568628859
mrentabilidad_annual_ratioavg6_lag1	0.000803476839373538	0.000545435045059357	0.00175836023824472
mrentabilidad_annual_avg6_lag1_lag2	0.000803462329680394	0.000803815026255013	0.00155979481009118
Visa_Fvencimiento_ratioavg6_delta1_lag2	0.000803414209339456	0.000647852768536914	0.00184032128731235
mprestamos_personales_ratiomax6_lag1_lag2	0.000803413125748219	0.000672348915988541	0.000575417262010885
Master_Fvencimiento_ratioavg6_lag2	0.000803107049335353	0.000698527769617953	0.00176258503458841
Visa_msaldototal_ratioavg6	0.000798079490032826	0.00126645201612613	0.00137136889316251
mcomisiones_otras_min6_lag1_lag2	0.000796772323360454	0.000673072523333842	0.00147107408687364
mcuenta_corriente_tend6	0.000795483307333704	0.000639697622951081	0.00123533045089561
mpayroll_min6_delta2	0.000794411543012412	0.00481055980313004	0.000771447812358205
mrentabilidad_annual_avg6_delta1_lag2	0.000792150680000361	0.000905340094364889	0.00143558579758663
mcomisiones_ratiomax6_lag1	0.000790604173781551	0.000572743416174334	0.00179131364972552
mcuenta_corriente_ratioavg6_delta2	0.00079038857703019	0.000777895136163525	0.00183694145023739
mcomisiones_avg6_lag1_lag2	0.000790298095973873	0.0031494615862088	0.00146600433126121
chomebanking_trx_avg6_lag1_lag2	0.000789779762734119	0.000731945994780505	0.00138235336365611
mv_Fvencimiento_lag1	0.000788848347578356	0.000690328421192038	0.00178370901630687
mactivos_margen_max6_lag1_lag2	0.000788167789635262	0.000584682637546345	0.00122265606186454
mv_fultimo_cierre	0.000787208385928921	0.00188381824219581	0.00156570952497235
mcuenta_debitos_automaticos_ratiomax6	0.000786750649297913	0.00297703178957034	0.00114153997206565
mcuenta_corriente_ratioavg6_delta1_lag2	0.000785902196679814	0.000587452211037203	0.0016899185374769
mcaja_ahorro_ratioavg6_delta2	0.000784056788001485	0.000737315611877486	0.00166372480014601
mrentabilidad_annual_ratiomax6_lag1	0.000783443479916888	0.000527386183800818	0.00137390377096872
mactivos_margen_lag1	0.000780828534289305	0.000711303964485448	0.00133841548168171
mcomisiones_otras_min6	0.000779734690702486	0.00076047557643328	0.00144403539027401
ccomisiones_otras_ratioavg6	0.000776350097413715	0.000693236374843357	0.00174822072701985
mcuenta_corriente_ratiomax6_lag2	0.000776300782591277	0.000911099623771928	0.00154627546179136
Master_Fvencimiento_avg6_delta2	0.000775749128518311	0.00145733715169016	0.00150487245762318
mrentabilidad_ratioavg6_lag1_lag2	0.000774941090835248	0.000834350740098619	0.00171357739700158
ctransferencias_recibidas_ratioavg6	0.000773947834968879	0.000617025281682997	0.00180145316095038
mcuenta_corriente_avg6_lag1_lag2	0.000773316738186801	0.00060396986364254	0.00132236125557568
thomebanking_avg6	0.000770849408648908	0.000947590920752966	0.00109844704935999
mrentabilidad_annual_max6_lag1_lag2	0.000764280238499683	0.000809594162105896	0.00154458554325389
mcomisiones_otras_ratioavg6	0.000763439972576019	0.000583611650274902	0.00164682561477124
mtarjeta_visa_debitos_automaticos_avg6_delta2	0.000763200793450299	0.000753777400573737	0.000863548372650696
mcaja_ahorro_dolares_ratioavg6_delta1	0.000762322427249247	0.00090729473153199	0.001463469453455
Visa_mpagominimo_max6_lag1_lag2	0.000761713828852384	0.000811551476286084	0.00131391166288829
cliente_edad_max6_lag1_lag2	0.000761225219345217	0.00141804887931232	0.00153022123568533
Master_fechaalta_ratioavg6_lag2	0.000761025789302529	0.000869483153112852	0.00159190326230324
ctrx_quarter_tend6_lag1_lag2	0.000759472312329027	0.00122290206741139	0.00129785743678226
ccallcenter_trx_tend6	0.000757740402217572	0.00223397562295457	0.00106971843422288
Visa_fechaalta_ratioavg6_delta2	0.000756605393430919	0.000762724792120406	0.00161894195890287
mcaja_ahorro_ratioavg6_lag2	0.000756430980107445	0.000579690404338178	0.00156739944350983
cliente_edad_lag1_lag2	0.000756224467276285	0.00163462708700306	0.00164344577769629
mcaja_ahorro_ratiomax6_lag2	0.000755782625839877	0.000608918889859493	0.00163330626647142
mpasivos_margen_max6_lag1_lag2	0.000754019311781716	0.000924746982946046	0.00130546207020091
mrentabilidad_annual_lag1_lag2	0.00075127703662246	0.000784235588118361	0.00155979481009118
mcomisiones_ratioavg6	0.000750906980977139	0.000560173522643328	0.00153022123568533
mcuentas_saldo_ratioavg6_lag1_lag2	0.000748609759429913	0.000598702272868308	0.00180398803875659
mrentabilidad_annual_min6_lag1_lag2	0.00074844883392466	0.0007240687766933	0.00148205855736724
chomebanking_trx_ratiomax6	0.000744451690605201	0.000472100777242148	0.00152261660226669
mcaja_ahorro_ratiomax6_delta1	0.000744100818191466	0.000883259169535902	0.00168653870040195
mrentabilidad_annual_min6	0.000742624564577563	0.000869314993858818	0.00127250865872011
ccaja_ahorro_max6_delta2	0.000741637239178525	0.00258298034612666	0.00025095290281532
mpasivos_margen_ratiomax6_lag1	0.000738076118107292	0.000566554054838093	0.00166963951502718
mcuentas_saldo_ratioavg6_delta2	0.000733438245653655	0.000633449303078626	0.00166625967795222
mcuenta_corriente_ratiomax6_lag1_lag2	0.000733249590922795	0.000604248433624309	0.00148628335371093
ctrx_quarter_ratioavg6_delta1_lag2	0.000733021046613399	0.000613612839561523	0.00176089511605093
mcuenta_corriente_avg6_lag1_delta2	0.00073257241480106	0.00099752476399091	0.00112717566449709
mcuenta_corriente_ratioavg6_lag1_delta2	0.000732259680629603	0.000636693146915919	0.00172456186749518
mcaja_ahorro_ratioavg6_lag1_lag2	0.000730542867521415	0.000803356314708635	0.00172033707115149
Master_fechaalta_avg6_delta2	0.000730364592282102	0.00122342926766057	0.00133250076680054
mtarjeta_visa_debitos_automaticos_ratiomax6	0.000729579941580337	0.000653687896793512	0.00106718355641666
ccomisiones_mantenimiento_avg6_delta2	0.000729096043054079	0.000741559405766962	0.00027799159941495
mcuentas_saldo_ratiomax6_delta2	0.000728066536790438	0.000517781328548185	0.00166034496307106
mtransferencias_emitidas_max6	0.000726688963790652	0.00114467617924585	0.00120660183575851
ctarjeta_visa_trx_tend6	0.000724187645017385	0.000528883544300556	0.000626114818135192
Visa_fultimo_cierre_ratiomax6	0.000722254738485912	0.000237736366108852	0.000842424390932235
mpasivos_margen_min6_lag2	0.000721367846767394	0.000742932745604434	0.00105873396372928
ccomisiones_otras_avg6_lag1_lag2	0.000719306237049758	0.0018097678947941	0.00152430652080416
mtransferencias_recibidas_ratioavg6_delta1_delta2	0.000718664773916717	0.00157669443574352	0.0016899185374769
mrentabilidad_min6	0.000717551584966191	0.000704099233501647	0.00130039231458848
mvr_msaldopesos2_lag1_lag2	0.000717407413881312	0.0015161913486426	0.00156655448424109
mprestamos_personales_ratiomax6_lag1_delta2	0.00071718303318235	0.000421384218209956	0.000423324593637964
cliente_antiguedad_ratioavg6_delta1	0.0007164312504153	0.000646075092642875	0.00144488034954275
ctrx_quarter_ratiomax6_delta2	0.000715686176402322	0.000651671013718126	0.00156148472862866
cliente_edad_max6	0.000715506362251213	0.00129640101436562	0.00156063976935992
mv_msaldopesos_lag1	0.000714610820181926	0.000427572615821485	0.000453743127312548
Master_fechaalta_tend6	0.000714209286647434	0.000547731408300961	0.000871153006069343
ctarjeta_visa_trx_avg6_delta1	0.000713965905641202	0.000591182510984501	0.000648083759122392
ctrx_quarter_ratiomax6_delta1_lag2	0.000712904831148684	0.000798407941682875	0.00176089511605093
mtransferencias_recibidas_ratioavg6	0.000711536984156446	0.000540337155498697	0.0016679495964897
mcuentas_saldo_delta1	0.000710730447692751	0.000937028958365585	0.00149726782420453
Visa_Fvencimiento_tend6	0.000708946973054837	0.000554745557369116	0.000978462833199126
chomebanking_trx_max6_lag2	0.000707580478993197	0.000625580961966815	0.00127081874018263
mpasivos_margen_ratiomax6_lag1_lag2	0.000706285444338877	0.000690952839848463	0.00161809699963413
mcomisiones_otras_ratioavg6_lag2	0.000705308140454719	0.000967757727684928	0.00165020545184619
mcuentas_saldo_ratiomax6_lag2	0.00070526526770888	0.000987680626600563	0.00161556212182792
cliente_edad_ratioavg6_delta1_lag2	0.000704686890250522	0.00146489346015663	0.00142798116416798
Master_fultimo_cierre_avg6_lag1	0.000703797158495763	0.00100373755454568	0.0015361359505665
mcaja_ahorro_dolares_ratioavg6_lag2	0.000702516297941601	0.000820522693249222	0.00156063976935992
mcaja_ahorro_dolares_avg6_delta2	0.000702360089204667	0.000679425824951493	0.00080693610164522
mtransferencias_recibidas_ratioavg6_lag2	0.000700631159190471	0.000619937700592144	0.0016899185374769
mpayroll_sobre_edad_lag2	0.000699773865534138	0.00061463380952046	0.000284751273564858
cmobile_app_trx_ratioavg6_lag1_lag2	0.000699543913870905	0.000872518650375659	0.00165189537038367
mcaja_ahorro_ratiomax6_delta2	0.000699373456867675	0.000587437091267291	0.00159190326230324
mcaja_ahorro_ratioavg6_delta1_delta2	0.000698850241291422	0.000801305819056937	0.00162908147012773
Visa_fechaalta_ratioavg6_lag1_delta2	0.000696649737383257	0.000701983632891688	0.00156148472862866
chomebanking_trx_ratioavg6_lag2	0.00069566641677879	0.000637413124231476	0.00164513569623376
Visa_Fvencimiento_ratioavg6_delta1	0.000693117948552806	0.000585417295601667	0.00167555422990835
mactivos_margen_ratioavg6_lag1_lag2	0.000692964518275423	0.000586989119897415	0.00170681772285167
ccomisiones_otras_ratioavg6_lag1	0.00069267650539747	0.000603778382250498	0.00168653870040195
mactivos_margen_ratioavg6_delta1	0.000691629402412802	0.000710516065993864	0.00169160845601438
mcuenta_corriente_avg6_delta1_lag2	0.000691597651936666	0.00186807039147359	0.00111872607180971
ccallcenter_trx_ratiomax6	0.000690206263206671	0.00051334543219963	0.000531479380036485
mrentabilidad_max6	0.000688988842892966	0.000521024861851961	0.00119139256892122
mcuenta_corriente_ratioavg6_delta1_delta2	0.00068879563786672	0.000722235665212268	0.00170343788577672
mcomisiones_otras_ratioavg6_lag1_lag2	0.000687784253993741	0.000595125397895016	0.00161640708109666
mrentabilidad_annual_ratioavg6_delta1_lag2	0.000685295864536953	0.000741725669695731	0.00165443024818989
Master_fechaalta_ratioavg6_delta1_lag2	0.000685171000651381	0.000834411893785564	0.00159190326230324
ctarjeta_master_tend6	0.000684858730481348	0.000210404854892757	6.67517822303376e-05
mprestamos_personales_ratioavg6_delta2	0.000684663117323722	0.000650317323156709	0.000444448575356425
Master_Fvencimiento_tend6	0.000684100034759702	0.000493763863160561	0.00104352469689199
mcaja_ahorro_max6_lag1_lag2	0.000683927990055586	0.000958375246555355	0.00137897352658115
mcuenta_corriente_avg6_lag2	0.00068150809056778	0.000620370016789491	0.00114829964621555
mcuentas_saldo_tend6_delta1_delta2	0.000680127981331402	0.000759912814742261	0.0013096868665446
chomebanking_trx_tend6_delta1	0.000677236702112606	0.00102089730480187	0.00115759419817168
mtransferencias_recibidas_max6_lag1	0.000676872007255918	0.00110530155713389	0.00121251655063968
mcomisiones_otras_min6_lag2	0.000675664952114991	0.000714977319010373	0.00129447759970731
cliente_edad_lag2	0.000675180750089342	0.00121816825163047	0.00141108197879321
cliente_edad_avg6_lag2	0.000673429928105378	0.00132389807207097	0.00133081084826306
mactivos_margen_tend6_delta1_delta2	0.000673399532138939	0.00101039049959212	0.00129616751824478
mcomisiones_mantenimiento_ratioavg6_delta1_lag2	0.000672087665397349	0.000860166301636105	0.00130884190727586
ctrx_quarter_ratiomax6_delta1_delta2	0.000671409293343554	0.000848050761474172	0.0015690893620473
thomebanking	0.000670804064140625	0.00082517627359391	0.000579642058354577
cmobile_app_trx_ratioavg6	0.000670178659381358	0.000645582179577306	0.00155641497301623
Master_fechaalta_ratioavg6_delta1	0.00067008837541152	0.000608550725603749	0.00141108197879321
mactivos_margen_ratioavg6_delta2	0.000669956916817062	0.000619434946826469	0.00160880244767801
mrentabilidad_annual_ratioavg6_delta2	0.000667604212152744	0.000620483490020196	0.00160542261060306
Visa_msaldototal_avg6_lag1_lag2	0.000666704740564835	0.000690161182830505	0.00112633070522835
ccomisiones_otras_avg6	0.000666434227849895	0.00159353323354676	0.00121167159137094
mrentabilidad_annual_tend6_lag1_delta2	0.000666369802394313	0.000704408310724549	0.00147867872029229
mpasivos_margen_ratioavg6_lag2	0.000664580735057124	0.000538045493092073	0.00161471716255918
mcuentas_saldo_ratioavg6_delta1_lag2	0.000663525844034489	0.000497018746999823	0.00167808910771456
mv_msaldototal_lag1	0.000662740737650788	0.000368351989317781	0.000455433045850025
Visa_mpagospesos_max6_lag1_lag2	0.000662624510923702	0.000619073839177221	0.00130377215166343
mcaja_ahorro_lag1_lag2	0.000661742693766948	0.000498621174909174	0.000894811865594019
mprestamos_personales_ratiomax6_delta1	0.000661415126574646	0.000602812044774627	0.000426704430712918
mrentabilidad_annual_tend6_lag1	0.000661092726677493	0.00067010707814948	0.00134010540021918
mvr_msaldopesos_delta2	0.000660386848998111	0.00462136026491793	0.00114829964621555
ctransferencias_recibidas_avg6	0.000659681719593242	0.002016047322608	0.00131053182581334
mcuenta_corriente_ratiomax6_lag1	0.00065897121955134	0.000539681041007329	0.00144319043100527
mrentabilidad_annual_tend6_delta2	0.000658367162232059	0.000593396325850574	0.0013865781599998
mrentabilidad_annual_tend6_delta1	0.000658168129916388	0.000853926558913578	0.00142460132709303
mv_mpagominimo_lag2	0.000657874460518407	0.0012510658941202	0.000662448066690945
mcuenta_corriente_delta2	0.000657342046336988	0.00303305185418433	0.00108746257886639
mtransferencias_recibidas_max6_lag2	0.000656928013076774	0.0023118271147779	0.00121251655063968
mcaja_ahorro_dolares_ratiomax6_delta1	0.000656572875784513	0.000918657699067026	0.00103423014493586
mcaja_ahorro_min6_lag1	0.000653408893463427	0.00104057835164723	0.0010460595746982
cliente_edad_avg6_lag1	0.000652001500650561	0.00115252729110144	0.00131898141850072
ctrx_quarter_tend6_delta1_lag2	0.000650660899541829	0.000620136142218212	0.00137728360804367
Visa_mpagospesos_tend6_lag1_lag2	0.00064963075235248	0.000790363089036201	0.00136967897462503
mpasivos_margen_min6_lag1_lag2	0.000649505210325977	0.000808681097190445	0.00109168737521008
Visa_mpagospesos_max6_lag2	0.000649407470505827	0.000728099673086042	0.00120237703941482
mcomisiones_ratioavg6_lag2	0.000649202500547514	0.00127633904997417	0.00154796538032884
mvr_Master_mlimitecompra	0.000648228679760331	0.000839966353282133	0.00168231390405826
mcuentas_saldo_delta2	0.000647416515743594	0.0005508147598497	0.00126490402530146
Visa_fultimo_cierre_avg6_lag2	0.000646826478658271	0.00114616959918232	0.00130884190727586
mpasivos_margen_ratiomax6_delta2	0.000645022896591701	0.000805585613418399	0.00152092668372921
mactivos_margen_max6	0.000643540713390204	0.000615364762589671	0.00110182688643494
mcuentas_saldo_avg6_delta1_lag2	0.000642985742085432	0.00054048097534975	0.00113055550157205
mcaja_ahorro_ratioavg6_delta1_lag2	0.000642592248314759	0.00154588862198756	0.00158176375107838
mprestamos_personales_delta2	0.000642540718746061	0.00218098273544672	0.00040896028606941
mtransferencias_recibidas_ratioavg6_lag1_lag2	0.00064206036875313	0.000753986046973689	0.00147529888321733
Visa_msaldototal_min6	0.000640376201930318	0.000588651930513944	0.000870308046800604
mrentabilidad_annual_delta1_delta2	0.000638719048029063	0.00119340864325894	0.0011449198091406
Master_fultimo_cierre_tend6_delta1	0.000637149398078853	0.0021010292208238	0.00110774160131611
mcomisiones_tend6_lag1_lag2	0.000636931098809603	0.000465358205797581	0.00136122938193764
mcaja_ahorro_max6_lag2	0.000636847732134867	0.000801382263842632	0.00127250865872011
mrentabilidad_ratioavg6_lag2	0.000635921595420124	0.000515463945399827	0.00156570952497235
ctrx_quarter_avg6_delta1	0.000635049188469361	0.000962154878499809	0.00119223752818995
mrentabilidad_annual_lag2	0.000633478292068722	0.000579573054792523	0.00135531466705647
ccomisiones_otras	0.000632205949598325	0.00381485093207199	0.00127250865872011
mcaja_ahorro_avg6_delta1	0.000631052934590733	0.000494105674899483	0.00100296665199254
mtransferencias_recibidas_ratioavg6_delta1	0.000630756390663783	0.00053197084712061	0.00161218228475296
ccomisiones_mantenimiento_ratioavg6_delta1	0.000630213705035643	0.00296635989831758	0.000721595215502637
Master_fechaalta_ratioavg6_delta1_delta2	0.00062990378965893	0.000973628749332988	0.00164175585915881
ctrx_quarter_ratioavg6_delta2	0.000628851161576948	0.000553359656986244	0.00154881033959758
mrentabilidad_annual_lag1	0.000628227096760135	0.0005248379778761	0.00140094246756835
Master_mpagominimo_max6_lag1_lag2	0.000627471912355239	0.00176962688666771	0.00101226120394866
Visa_fultimo_cierre	0.000627197846081915	0.000805498610493092	0.0014964228649358
mcuentas_saldo_max6_lag1_lag2	0.000625768553757327	0.000617275528866312	0.00126828386237641
ctrx_quarter_max6_lag1_delta2	0.000624892352631669	0.000947246785366685	0.0010460595746982
mcuentas_saldo_min6_lag2	0.000624864249195783	0.000642674279466249	0.00113309037937826
mtransferencias_recibidas_ratiomax6_delta1_delta2	0.00062292230463778	0.000522490033946347	0.00160457765133432
ctarjeta_debito_trx_ratioavg6	0.000621549130635837	0.00287597298218375	0.00107478818983531
mrentabilidad_annual_ratiomax6_delta1	0.000620289124962658	0.000536890404777508	0.00134855499290657
mcaja_ahorro_ratiomax6_lag1_lag2	0.000619964005122349	0.000605386828085267	0.00139249287488097
Visa_fultimo_cierre_tend6_delta1	0.000619697682651914	0.00384336037187831	0.000978462833199126
chomebanking_trx_max6	0.00061914765301778	0.000785702516333332	0.00125307459553912
ctrx_quarter_max6_lag1_lag2	0.000617516086876655	0.00111446550833119	0.00119139256892122
Visa_mpagominimo_avg6_lag1_delta2	0.000616155440612929	0.000598929915353121	0.00102662551151722
mrentabilidad_avg6_delta2	0.000614857709963982	0.000518209040283023	0.00130377215166343
mcomisiones_tend6_delta2	0.000614347590563105	0.000680604749390579	0.00136207434120638
ccomisiones_otras_tend6_lag1_delta2	0.000613110968598944	0.000516492239666568	0.00145501986076761
cprestamos_personales_avg6_lag2	0.000613012021377639	0.00134527865815241	0.000361642567020057
mrentabilidad_annual_ratiomax6	0.000612716533701415	0.00042934593353822	0.00123195061382066
mcaja_ahorro_delta2	0.000611173984240902	0.000448881329455575	0.000837354635319804
ccaja_seguridad	0.000611022786564766	0.00246113152316159	0.000347278259451503
mcuentas_saldo_delta1_lag2	0.000610117909039866	0.00128638863205682	0.00127419857725758
mpasivos_margen_ratiomax6_delta1	0.000609592674423633	0.000924118538061939	0.00144234547173654
mcuenta_corriente_delta1	0.000608788952598509	0.00206816951696354	0.00107478818983531
mcaja_ahorro_ratioavg6_lag1_delta2	0.000607961601868497	0.000625047486798961	0.00151501196884804
mactivos_margen_max6_lag2	0.000606961404979769	0.000492844705363325	0.000981842670274079
mrentabilidad_ratioavg6_delta1	0.000606697716598193	0.000443019623813055	0.0014702291276049
mcomisiones_ratioavg6_delta1	0.000606693503377761	0.000610229127144493	0.00149980270201075
mcomisiones_mantenimiento_ratioavg6_delta1	0.000606646810641995	0.000691857145577095	0.00102071079663605
Visa_mpagominimo_tend6_lag1_lag2	0.000606462604740422	0.000544160315675936	0.00105619908592306
mactivos_margen_ratiomax6_lag2	0.000605461522286301	0.00233222687538864	0.00133334572606928
mpasivos_margen_ratioavg6_delta2	0.000604612767000115	0.000505795580688733	0.0014153067751369
ccomisiones_otras_avg6_delta2	0.000604421598656583	0.000878261153979468	0.00122857077674571
mactivos_margen_ratiomax6_lag1	0.000602694438021204	0.000542361491378515	0.00135108987071278
mactivos_margen_lag2	0.000601449730882798	0.000615923626549637	0.00124546996212048
ccallcenter_trx	0.000600820045696047	0.00138382288151303	0.000662448066690945
ccomisiones_otras_ratioavg6_delta2	0.000599514362956892	0.000482187730427482	0.00147867872029229
mcuentas_saldo_ratioavg6_lag1_delta2	0.000599076846998655	0.000538884704570497	0.00160880244767801
mtransferencias_emitidas_avg6	0.000598808901128089	0.00152443559593201	0.00108154786398522
mrentabilidad_ratiomax6_lag2	0.000598666556776909	0.000471829221034666	0.00142882612343672
cmobile_app_trx_max6_lag1_lag2	0.000597480091753266	0.000599321283958298	0.00126067922895777
mactivos_margen_avg6_delta1_lag2	0.000596814128845424	0.000708177073995873	0.00123617541016435
cliente_edad_max6_lag2	0.000596046300059609	0.00126172281551578	0.00124715988065795
Visa_fechaalta_ratioavg6_delta1	0.000595793967059007	0.000634785989252918	0.00126490402530146
mactivos_margen_ratioavg6_lag1_delta2	0.000595342733056965	0.000521039274890418	0.00140094246756835
mcuenta_corriente_tend6_lag1_lag2	0.000595255586804107	0.000720357429998653	0.00114322989060312
mcuenta_corriente_tend6_lag1_delta2	0.000594489803482843	0.000676833437602797	0.00123026069528318
mactivos_margen_ratioavg6_delta1_lag2	0.000591244435825513	0.000538505489604732	0.00153022123568533
mtarjeta_visa_debitos_automaticos_ratiomax6_lag1_lag2	0.000590643721663321	0.000578030292150841	0.00110943151985359
ctarjeta_visa_trx_tend6_lag1	0.000590284880538706	0.00106441728167809	0.000729199848921283
mtarjeta_visa_debitos_automaticos_ratioavg6_lag1_lag2	0.000590119673702726	0.000669722487741438	0.00135193482998152
mvr_Master_mlimitecompra_lag1	0.000588814534732987	0.000839746431303061	0.0013426402780254
chomebanking_trx_tend6_lag2	0.000588269893058207	0.000605572666333724	0.00115674923890294
mprestamos_personales_tend6_delta1	0.000587684258436758	0.000460763326995851	0.000305875255283319
mcaja_ahorro_dolares_ratioavg6_delta1_delta2	0.0005869824704007	0.000638347690916037	0.00125053971773291
Visa_msaldototal_avg6_lag1_delta2	0.000586793965066455	0.000515698151920728	0.000939594706837157
mtarjeta_visa_debitos_automaticos_max6_lag1_lag2	0.000586189479639	0.000627264995943092	0.00087791268021925
mvr_msaldopesos2_lag2	0.000586140536422499	0.000498924758901223	0.00131644654069451
mactivos_margen_tend6_lag2	0.000584798117120436	0.00282263670885327	0.00123448549162688
mactivos_margen_ratiomax6_delta2	0.000584549553251231	0.00055401763467872	0.00137136889316251
mvr_msaldopesos2_delta2	0.00058375549010423	0.00219153449306021	0.00133926044095044
mactivos_margen_tend6_delta2	0.000583685405186837	0.000561699998337393	0.00119308248745869
Visa_fechaalta_ratioavg6_delta1_lag2	0.000583668843811987	0.000608586372710008	0.00138150840438737
ccaja_ahorro_avg6_delta1	0.000583019922393566	0.00119925064608514	0.000282216395758642
mcomisiones_mantenimiento_max6_lag1_lag2	0.000582553393350175	0.0017244178216145	0.000957338851480664
ctrx_quarter_normalizado_delta2	0.000582540248086291	0.00144124475867568	0.00118801273184626
Visa_mpagospesos_avg6_delta1_lag2	0.000580073240211746	0.000585136851710738	0.00121505142844589
chomebanking_trx_ratiomax6_lag1_lag2	0.000579846408197956	0.000524495052499734	0.00134348523729414
mcuentas_saldo_tend6_lag1	0.000579024561834275	0.000917882532449681	0.00105028437104189
mrentabilidad_annual_lag1_delta2	0.00057883921981357	0.000389835544030568	0.00124209012504552
mrentabilidad_tend6_lag1_delta2	0.000577716467173506	0.00046325433050494	0.00132996588899432
mcomisiones_ratiomax6_lag1_delta2	0.000577068827072861	0.000608124780697549	0.00139671767122466
mcaja_ahorro_dolares_ratioavg6_lag1_delta2	0.000576757770301255	0.000624680789546388	0.00129701247751352
chomebanking_trx_ratiomax6_delta1	0.000576487157514804	0.00057426930292552	0.00141699669367438
mcomisiones_mantenimiento_max6	0.000575420791085788	0.000826223360492517	0.000756238545520913
mtransferencias_recibidas_avg6_lag1_delta2	0.000575100181784509	0.0010599723156092	0.00100296665199254
mrentabilidad_min6_lag2	0.000571265985850597	0.000518512410114024	0.00116857866866528
mrentabilidad_lag1	0.000570085815155141	0.000426668053099597	0.00132405117411315
mcaja_ahorro_ratiomax6_lag1_delta2	0.000568641257100372	0.000482594036765681	0.0014482601866177
ccomisiones_otras_tend6_delta1_delta2	0.000567979903880368	0.000616052776368976	0.00140685718244952
chomebanking_trx_avg6_lag1	0.000567253777587283	0.000669791715299852	0.00114745468694682
mrentabilidad_annual_tend6_delta1_delta2	0.000566873809024741	0.000497527743560015	0.00132658605191937
mcaja_ahorro_min6_delta1	0.000566789445068011	0.00274909361259922	0.000700471233784175
mcuenta_corriente_ratiomax6_delta2	0.000566617394352139	0.00067454610124932	0.00120829175429598
ctarjeta_visa_debitos_automaticos_ratiomax6	0.000565720107816846	0.000571723174362956	0.000866083250456912
ctrx_quarter_delta1_lag2	0.000565345549259242	0.000506615956703081	0.00124631492138921
Visa_mpagominimo_min6	0.000564681432131756	0.00102137824626491	0.000889742109981588
mactivos_margen_lag1_lag2	0.000563084093739315	0.000548826081784193	0.00117702826135266
Master_mlimitecompra_ratioavg6	0.00056254241049244	0.00374136616257907	0.000465572557074886
mv_Finiciomora_lag1	0.000562406244878585	0.000737053939202318	0.000205325102303443
chomebanking_trx_ratioavg6_delta1	0.000562365093063548	0.000501830870767538	0.00145417490149887
ctrx_quarter_delta2	0.00056199429701139	0.000842194484814191	0.00110689664204737
mcomisiones_mantenimiento_ratiomax6	0.000561890921518357	0.00126849683651008	0.00050697556124307
mrentabilidad_annual_tend6	0.000561406946936383	0.000471042650341572	0.00117871817989014
mrentabilidad_annual_avg6_delta1_delta2	0.000561276601538669	0.00049188441793703	0.00130208223312595
cliente_edad_ratioavg6_delta2	0.000561202954633501	0.00101382160584883	0.00128180321067623
mpayroll_min6_lag1_lag2	0.000560794831289311	0.00127457092566282	0.000456278005118763
Visa_fultimo_cierre_avg6_delta2	0.000560547047702754	0.000942536623673404	0.00109760209009125
mvr_msaldopesos2_lag1_delta2	0.000559789705521268	0.000837868795740377	0.00127588849579506
Master_mpagominimo_max6_lag1	0.000559569728827805	0.00116064525832953	0.000926075358537342
ctransferencias_recibidas_ratioavg6_delta1_lag2	0.000558449381655087	0.000558294462909682	0.00142544628636177
mrentabilidad_tend6_delta2	0.000557983691709324	0.000622538665090769	0.00120829175429598
mcuenta_corriente_tend6_lag1	0.000557680841050553	0.000826101567105139	0.00101648600029236
ctrx_quarter_ratioavg6_lag1_delta2	0.000557476287894234	0.000546411972798997	0.00142375636782429
mcomisiones_tend6_lag1_delta2	0.000557470473886764	0.000616058248183725	0.00130292719239469
mtransferencias_recibidas_ratiomax6_lag1_lag2	0.000557210559398545	0.000428723196046013	0.00135193482998152
Visa_mpagospesos_tend6	0.00055590943643918	0.000524995011463747	0.001188857691115
ctrx_quarter_min6_delta2	0.000555602205542424	0.00097906986409548	0.000921005602924911
Visa_msaldototal_ratiomax6_lag1_lag2	0.000553928601022915	0.00044630898758087	0.00129532255897604
mtarjeta_visa_debitos_automaticos_avg6_delta1	0.0005536994299093	0.000462273815567764	0.000684417007678145
Visa_cconsumos_avg6_lag1_delta2	0.000553316096031948	0.000658087781962029	0.00111027647912232
ctrx_quarter_tend6_lag1_delta2	0.000552261826543236	0.000496059476838501	0.00120575687648977
mtransferencias_emitidas_ratiomax6	0.000551408136342547	0.000470652727323462	0.00102916038932343
ctrx_quarter_avg6_delta1_delta2	0.000550937488297855	0.000494984259886381	0.00119899720233986
ccaja_ahorro_ratioavg6_delta1_delta2	0.000549946634492562	0.00346471813700141	0.000438533860475256
chomebanking_trx_avg6_lag1_delta2	0.000548833896281918	0.000549396049994441	0.00115421436109672
mv_fechaalta_delta2	0.00054813071619667	0.00041462352874082	0.000217154532065782
mcuentas_saldo_tend6_lag2	0.000547830264824577	0.000623012796232525	0.00110520672350989
mcomisiones_mantenimiento_avg6	0.000547785639974197	0.000834511007518074	0.000867773168994389
mrentabilidad_annual_max6_delta2	0.000547533998435179	0.000526249609708759	0.0010570440451918
mrentabilidad_lag1_lag2	0.000547149289174281	0.000414855336657996	0.0011998421616086
Visa_fultimo_cierre_avg6_lag1_delta2	0.000547137528089395	0.000548445464063571	0.000973393077586695
mv_mpagominimo_lag1_lag2	0.000546386592143356	0.00132125984355019	0.00073088976745876
Visa_cconsumos_tend6	0.000546321106590959	0.000483996224096171	0.00108408274179143
chomebanking_trx_max6_lag1	0.00054559077365413	0.000594180679976831	0.00116604379085906
mactivos_margen_tend6_lag1	0.000545313312315804	0.000546554850341444	0.00109929200862872
mrentabilidad_ratiomax6_delta1	0.000545235323749891	0.000527792051108871	0.0012547645140766
ccomisiones_otras_tend6_lag1_lag2	0.000545228627704134	0.000573990968520902	0.00125814435115155
mvr_msaldopesos_lag2	0.000543255256753664	0.000756207079067042	0.000915090888043742
mcuenta_corriente_ratiomax6_delta1	0.000542642495959396	0.000766675677946023	0.00113816013499069
ctransferencias_recibidas_avg6_lag2	0.000542332402125451	0.000754299471665843	0.00107478818983531
Visa_msaldototal_avg6_delta1_lag2	0.000541750464080291	0.000408734464024557	0.000872842924606819
ctarjeta_visa_trx_ratioavg6_lag1	0.000540455281324323	0.000798059822901122	0.00114745468694682
chomebanking_trx_lag1_lag2	0.000539776874394231	0.00175010671760079	0.00121336150990841
mprestamos_personales_ratioavg6_delta1_delta2	0.000537281957178833	0.00118455432610326	0.000537394094917655
mcaja_ahorro_ratiomax6_delta1_lag2	0.000536808390707642	0.000516328813371671	0.00141277189733069
ccomisiones_otras_avg6_delta1_delta2	0.000535890518986771	0.000584295584286264	0.00120660183575851
mtarjeta_visa_debitos_automaticos_avg6_lag1_delta2	0.000533418690822102	0.000928748207325739	0.000807781060913959
ctarjeta_visa_debitos_automaticos_avg6_delta1	0.000533302531445045	0.000670396302643333	0.000558518076636116
mpasivos_margen_avg6_delta2	0.000533078314131155	0.000586283416415636	0.00112210590888466
cliente_edad_ratioavg6_lag1_delta2	0.000531922505592315	0.000904261504376281	0.0011998421616086
cprestamos_personales_avg6_lag1_delta2	0.000531744759211042	0.00571161545583875	0.000501060846361901
Visa_mpagospesos_lag1	0.000531119779797991	0.000719060470698562	0.000994517059305156
mrentabilidad_tend6_delta1_lag2	0.000530095408250764	0.000460604730032562	0.00122096614332706
internet_ratioavg6	0.000529299204017682	0.000677184758092201	0.000822990327751251
Visa_cconsumos_delta2	0.00052915764151353	0.00226647940186292	0.000869463087531866
mpayroll_min6_lag2	0.000528122974162242	0.001527925061074	0.000451208249506333
mvr_mpagominimo_delta1	0.000527963998544759	0.000979579481722709	0.000970013240511741
mactivos_margen_tend6_lag1_delta2	0.000527785599894472	0.000444434457353366	0.00120322199868355
ccomisiones_otras_avg6_lag1_delta2	0.000527684370786611	0.000538684078501751	0.00121758630625211
cpagomiscuentas_ratioavg6	0.000526464739268873	0.000649304630522235	0.000916780806581219
mpasivos_margen_tend6_lag1_delta2	0.000525188418093946	0.000567282234521746	0.00120829175429598
mvr_msaldopesos_lag1	0.000524858860806317	0.0028287294514332	0.00101648600029236
mcomisiones_ratiomax6_delta1	0.000523155243646347	0.00104948869333278	0.00125138467700165
ctransferencias_recibidas_tend6	0.000522045608266103	0.00096013706382387	0.001188857691115
chomebanking_trx_ratioavg6_delta1_lag2	0.000521305047086806	0.000498400042920187	0.00130461711093217
mpasivos_margen_max6_lag1_delta2	0.000520537441282604	0.00329904791619464	0.00113224542010952
mcuenta_corriente_avg6_delta1_delta2	0.000520322516014338	0.00045420330642767	0.00110267184570368
chomebanking_trx_ratioavg6_delta2	0.000519623698302823	0.000501288550748446	0.00128940784409488
mactivos_margen_tend6_delta1	0.000519498215744171	0.000622587643722198	0.00109929200862872
ccallcenter_trx_avg6_delta1	0.000517861694962265	0.00132492213665704	0.000636254329360053
mactivos_margen_ratiomax6_lag1_delta2	0.000517738255778221	0.000566983190743893	0.00125729939188281
cproductos_ratioavg6_delta1	0.000517052435990878	0.00102375668672775	0.000596541243729346
mrentabilidad_avg6_delta1	0.000516368233331456	0.000428483207176845	0.00108830753813512
Visa_mpagospesos_ratiomax6_lag1	0.00051586615727678	0.000563769361577324	0.00116942362793402
mcomisiones_tend6_lag1	0.000515862679511629	0.000558585861138161	0.00113309037937826
mcaja_ahorro_min6_lag2	0.000515455876822671	0.000743206871744479	0.000929455195612296
mcuentas_saldo_tend6_lag1_delta2	0.000515167987117433	0.000598725552174107	0.00116266395378411
mcomisiones_mantenimiento_avg6_lag2	0.000514940141155212	0.00219824053933823	0.000948044299524542
chomebanking_trx_delta2	0.000514580944869303	0.00078749082532335	0.00108408274179143
mcaja_ahorro_tend6_lag1_lag2	0.000514381407015626	0.000550564651871065	0.00113900509425943
Visa_mfinanciacion_limite_ratioavg6	0.000514055146244882	0.00380701107437942	0.000484161660987132
Visa_cconsumos_avg6_lag1_lag2	0.000513883826224434	0.000423993845522928	0.00109168737521008
Visa_fultimo_cierre_tend6_lag1_delta2	0.000512748175069418	0.00121353546632344	0.000908331213893834
Visa_Fvencimiento_tend6_delta2	0.000512588310650318	0.000528302536088339	0.000936214869762203
Visa_cconsumos_avg6_lag2	0.00051222992366752	0.000556237028440064	0.00103254022639839
mpasivos_margen_tend6_delta1_delta2	0.000511739144185342	0.000457061285598693	0.00113224542010952
mtransferencias_recibidas_avg6_lag2	0.000510956770432794	0.000572119672125207	0.00102747047078596
mcomisiones_otras_tend6_lag2	0.000510373925986933	0.000493863983449992	0.00116266395378411
mtarjeta_visa_debitos_automaticos_tend6	0.000507375026148855	0.00120827185894468	0.000729199848921283
mplazo_fijo_dolares_ratiomax6	0.00050719927527561	0.00240470090111262	0.000398820774844549
Visa_mpagominimo_ratioavg6	0.000506899262102335	0.000431269313900524	0.00106126884153549
internet_avg6	0.000506476878254283	0.000636473728215307	0.000935369910493465
Visa_fultimo_cierre_ratioavg6_delta1_delta2	0.000505936961612003	0.000660266013970157	0.00106464867861045
mcomisiones_ratioavg6_delta1_lag2	0.000505304429607539	0.000371907683763533	0.00124462500285174
mcomisiones_otras_ratioavg6_lag1_delta2	0.000504415260510019	0.000461583531681362	0.00128687296628866
Master_msaldopesos_max6	0.000503680500663125	0.000753632916823438	0.00085087398361962
mrentabilidad_avg6_delta1_lag2	0.000503070393970265	0.000406087047994857	0.00114153997206565
mcaja_ahorro_delta1	0.000502948726621933	0.00074472981378127	0.000812850816526389
Visa_cconsumos_min6_delta2	0.00050088131962079	0.000623617105166645	0.000517115072467932
mcomisiones_avg6_delta1_lag2	0.000500194839788733	0.000424323257337234	0.0011229508681534
ccajas_trx_ratioavg6	0.000499800440691073	0.00110129795556657	0.000679347252065714
Visa_mpagospesos_ratiomax6_lag1_lag2	0.000498585222190364	0.000561297214948416	0.00117195850574023
Master_mpagospesos_tend6	0.000496730672505821	0.00266604875822052	0.000861858454113219
mtarjeta_visa_debitos_automaticos_ratiomax6_lag2	0.000493306146010959	0.000530879482425553	0.00109675713082251
Visa_cconsumos_avg6_lag1	0.000493119350053043	0.000705387776272595	0.00097592795539291
Master_fultimo_cierre_avg6_delta2	0.000492258404228904	0.00128867377325956	0.00116266395378411
mrentabilidad_annual_max6_delta1_delta2	0.000490232962908387	0.00044751861200603	0.00120237703941482
mactivos_margen_avg6_delta1_delta2	0.000489772833537972	0.000394084006630867	0.00112886558303457
chomebanking_trx_ratiomax6_delta2	0.000489579886685797	0.000475378629853691	0.00124800483992669
mcuenta_corriente_tend6_lag2	0.000489545204273832	0.000718332965622207	0.000994517059305156
cproductos_lag1	0.000488782089034229	0.00106772437798059	0.000743564156489836
ctransferencias_recibidas_ratiomax6_lag1_lag2	0.000488275921274647	0.000474704515126331	0.00111112143839106
Visa_msaldopesos_ratioavg6_lag1_lag2	0.000487830659882124	0.000515509443914243	0.00118209801696509
mvr_mpagominimo_delta2	0.000487192387080488	0.00110435207413241	0.000900726580475188
mcuentas_saldo_tend6_delta2	0.000486405915168134	0.000492897281900342	0.00108746257886639
mpasivos_margen_tend6_delta2	0.000485695539273624	0.000570856732307418	0.00105957892299802
mvr_mpagominimo_lag2	0.000485427402777125	0.000525321949717961	0.000937059829030941
Visa_mpagado_ratioavg6	0.000485143440477124	0.00311575325849211	0.000812850816526389
ctarjeta_visa_trx_ratioavg6_lag2	0.000485123998442863	0.000511584932021554	0.00112971054230331
chomebanking_trx_delta1_delta2	0.000485078967105833	0.000452279893941209	0.000962408607093095
ccomisiones_otras_tend6_lag2	0.000484388392744307	0.000871049141520072	0.00110858656058485
chomebanking_trx_avg6_delta1_delta2	0.000483233069253219	0.000614631710742201	0.00110520672350989
mrentabilidad_tend6_delta1	0.00048266976421024	0.000497155360331647	0.00109337729374756
mvr_Master_mlimitecompra_lag1_lag2	0.0004819390527468	0.000663187352686908	0.00107816802691026
Visa_msaldopesos_tend6	0.000481909182007609	0.00103366213842582	0.0010021216927238
Master_Fvencimiento_avg6_lag1_delta2	0.000481212594375807	0.000700232566507728	0.00101395112248614
mcomisiones_mantenimiento_max6_lag2	0.000481028712984716	0.00111725968892634	0.000803556264570266
mcuentas_saldo_tend6_delta1	0.000480836826578528	0.000498494498649927	0.00104943941177316
mcaja_ahorro_dolares_max6_lag1_lag2	0.000480237004185041	0.000434365750689229	0.000900726580475188
Visa_mpagominimo_tend6_lag2	0.000479355325115204	0.000498107798755572	0.000931145114149772
mrentabilidad_delta2	0.000478269788972451	0.000435319666824378	0.00115083452402177
mprestamos_personales_ratioavg6_delta1	0.000478133801118415	0.00123582021892883	0.000477401986837225
mrentabilidad_annual_avg6_delta1	0.000477982101036437	0.000498358495677086	0.0010460595746982
chomebanking_trx_lag1	0.000475781562610296	0.00056223033604591	0.00118632281330878
Visa_mpagominimo_avg6_delta2	0.000475436178902719	0.00047907181569156	0.000876222761681773
Visa_msaldopesos_ratioavg6_lag1_delta2	0.00047505620711017	0.000483529267349487	0.00117618330208392
Master_msaldopesos_ratioavg6_lag2	0.000474565880893046	0.00204534035626886	0.000887207232175373
mvr_mpagospesos_lag1	0.000472482413777168	0.000451346001863946	0.00102916038932343
mv_fultimo_cierre_lag2	0.000472252601468624	0.000479761885416916	0.00110182688643494
mcuentas_saldo_lag1_delta2	0.000472093455261213	0.000405947286495643	0.00113900509425943
Visa_mpagospesos_avg6_delta1_delta2	0.000471855668180989	0.00062969039121546	0.00107985794544774
Visa_mpagospesos_avg6_delta1	0.00047050479062538	0.000589628301434862	0.000999586814917587
mcomisiones_avg6_delta1_delta2	0.000469977585814399	0.00056442838865893	0.00111112143839106
Visa_cconsumos_ratiomax6_lag1_lag2	0.000469911592584294	0.000586291094089167	0.00110436176424116
Visa_msaldopesos_avg6_delta1	0.000469431198947894	0.00103250247777291	0.00100634648906749
Visa_fechaalta_delta2	0.000469235014590621	0.000409755166282185	0.000201100305959751
cmobile_app_trx_ratioavg6_delta1_lag2	0.000468964519568549	0.00110306846777359	0.00116942362793402
Visa_cconsumos_avg6_delta2	0.000465769887661159	0.000451643235980953	0.00095987372928688
mcomisiones_mantenimiento_max6_delta2	0.000465554999632876	0.00197849381895845	0.000621045062522761
Visa_msaldototal_tend6_delta1	0.000465386769652968	0.000892816738029377	0.00102324567444226
mtransferencias_emitidas_ratiomax6_delta1	0.000465022007390115	0.000490289678409263	0.00112379582742214
Visa_mconsumospesos_tend6_lag1_lag2	0.000464486774390358	0.000397425143831772	0.00109591217155377
mcaja_ahorro_tend6	0.00046372404648672	0.000505702859663473	0.00100381161126128
mcaja_ahorro_dolares_min6	0.000462785795093721	0.00117132659408445	0.000752013749177221
mcomisiones_mantenimiento_ratioavg6_delta1_delta2	0.00046070476636562	0.000507695649621081	0.00101902087809857
ctrx_quarter_tend6_delta1	0.000459575308744698	0.000390060445253981	0.00106633859714792
Visa_mpagospesos_ratioavg6_lag2	0.000459377262461482	0.000809355468911062	0.00111281135692854
ccajas_trx_avg6_lag1	0.000458326179990706	0.00113933386768235	0.000833974798244851
cliente_edad_ratioavg6	0.000457541450196638	0.0025209171386312	0.00104943941177316
chomebanking_trx_ratiomax6_lag1_delta2	0.000456103648096297	0.000429534598712495	0.00116519883159032
mrentabilidad_annual_ratioavg6_delta1_delta2	0.000454271405736639	0.000504666309488373	0.00106211380080423
mcuentas_saldo_max6_lag1_delta2	0.000453033190375077	0.00229160879140611	0.000866083250456912
mtarjeta_visa_debitos_automaticos_max6_lag2	0.000451992040154456	0.000519381432810178	0.000785812119926759
mpasivos_margen_tend6_delta1	0.000451818979378425	0.000723399566253914	0.000987757385155249
Visa_cconsumos_max6	0.000450596497184156	0.000441736831266218	0.000978462833199126
ctransferencias_emitidas_ratioavg6_lag1_delta2	0.00044967571568093	0.000789980169084325	0.00114322989060312
Visa_fechaalta_max6_delta2	0.000449585405829941	0.00103858162112636	0.000256867617696489
mpasivos_margen_tend6_delta1_lag2	0.000449113632456871	0.00059205155509676	0.00100550152979876
mtarjeta_visa_debitos_automaticos_ratiomax6_lag1	0.000448856290110315	0.000425885444385871	0.00100888136687371
Visa_mpagospesos_ratioavg6	0.000448433727128087	0.00078099157295223	0.00106211380080423
Visa_msaldopesos_lag2	0.000448420556394032	0.000681444249986416	0.000875377802413035
Visa_cconsumos_max6_lag1_lag2	0.000445897298282628	0.000449407694476672	0.000959028770018141
Visa_mconsumospesos_avg6_delta2	0.000445474815101325	0.00049320588796894	0.000988602344423987
mpayroll_max6	0.000445135310758377	0.00143503889623077	0.000555138239561162
Visa_mconsumosdolares_max6	0.000443488375671383	0.000518960713433522	0.000998741855648849
Visa_cconsumos_tend6_lag1	0.000443200879321867	0.000416213503185293	0.000973393077586695
cliente_edad_ratioavg6_delta1_delta2	0.000441835914929587	0.000467484289590786	0.00106295876007297
Visa_msaldototal_ratiomax6_lag1	0.000441105493733579	0.000540107499900042	0.00106549363787919
Master_msaldopesos_ratioavg6	0.000440425285591484	0.000737848123320629	0.000791726834807928
Visa_mconsumospesos_tend6_lag1	0.000440302334374785	0.000389551941264196	0.00100719144833623
ctrx_quarter_max6_delta2	0.00043974364814443	0.00142593988937094	0.000943819503180849
mcomisiones_mantenimiento_avg6_lag1	0.000437584045858462	0.00132159074378377	0.000858478617038266
mcomisiones_otras_min6_lag1_delta2	0.000436595148308789	0.000987161767924161	0.000984377548080295
cextraccion_autoservicio_avg6_lag2	0.000435826391839568	0.000623737709960212	0.000866083250456912
mcaja_ahorro_avg6_delta1_lag2	0.000435543889500694	0.000442087948302627	0.000964098525630572
Visa_fechaalta_tend6_delta2	0.000434704025998023	0.000660308053783666	0.000712300663546514
Visa_msaldopesos_avg6_delta1_lag2	0.00043457789833228	0.00035932355923096	0.000880447558025465
mv_mpagominimo_lag1	0.00043361833043529	0.000687388675333305	0.000541618891261347
mcuenta_debitos_automaticos_avg6_delta2	0.000432232404623922	0.00136474470872277	0.000657378311078514
Visa_fultimo_cierre_tend6_lag1	0.00043141468387013	0.000619012460621176	0.000786657079195497
ccomisiones_otras_avg6_delta1	0.000431019232630737	0.0014854307978239	0.00089988162120645
Visa_fechaalta_tend6_delta1	0.000430444134551543	0.000284296391170132	0.00050190580563064
chomebanking_trx_avg6_delta1	0.000429316016438652	0.000510027884838042	0.000946354380987064
mpayroll_avg6_lag1_lag2	0.000429123928183836	0.000947739152321585	0.00053992897272387
ccomisiones_otras_lag1	0.0004280019737745	0.00295822850319185	0.000908331213893834
Visa_mconsumospesos_ratiomax6_lag2	0.000427896150532423	0.000353204988828776	0.00101902087809857
mactivos_margen_ratioavg6_delta1_delta2	0.000427769301557942	0.000554158809640843	0.000922695521462388
chomebanking_trx_lag1_delta2	0.00042765001098763	0.00040799393795655	0.00110520672350989
Visa_cconsumos_lag1	0.000427112648051616	0.00206309644866822	0.000965788444168049
Visa_mpagominimo_lag1	0.00042706991430787	0.000547607548259481	0.000794261712614143
Master_mlimitecompra_ratioavg6_delta1	0.00042599413216189	0.00759942502817388	0.000542463850530085
Visa_mconsumospesos_avg6_delta1_lag2	0.000425046466604387	0.000570911225585804	0.000984377548080295
mcaja_ahorro_dolares_min6_delta2	0.000424557340510323	0.000691682914857381	0.000536549135648916
mv_mpagominimo_delta2	0.000423258690631899	0.000852816133885347	0.000653153514734822
Visa_mpagominimo_tend6_delta1_delta2	0.000421425530077024	0.000420537018524482	0.000934524951224726
thomebanking_tend6_delta1_delta2	0.000420909669825069	0.000864727985475563	0.000862703413381958
Visa_mpagospesos_ratiomax6_delta1_delta2	0.000419137348463465	0.00057029041554302	0.000943819503180849
mprestamos_personales_avg6_delta1_delta2	0.000418408109883024	0.000637871460996021	0.000324464359195565
mpasivos_margen_delta2	0.000416689535896117	0.000540585892846631	0.000940439666105895
mprestamos_personales_tend6_delta2	0.000416438112426107	0.000579535983515303	0.000353192974332672
ctarjeta_visa_trx_tend6_lag1_lag2	0.000415158581402638	0.000532964222428652	0.000858478617038266
cmobile_app_trx_ratiomax6_delta2	0.000414865611179434	0.000613039412650368	0.00100550152979876
mactivos_margen_min6_delta2	0.000414459428587426	0.000644426727188961	0.000814540735063866
ctransferencias_recibidas_tend6_lag1_delta2	0.000413272689287587	0.000496061179418823	0.00106295876007297
ccomisiones_mantenimiento_tend6_delta1_delta2	0.000412336871832709	0.00108780221170562	0.000630339614478884
cmobile_app_trx_lag1_lag2	0.000412239601726852	0.000456982816991105	0.000952269095868234
Visa_fechaalta_avg6_delta1_delta2	0.000411920073042982	0.000521398348009721	0.00086692820972565
ctransferencias_emitidas_max6	0.000411391464473374	0.00116586663314983	0.000739339360146144
Visa_mpagominimo_max6_delta2	0.000409718254454404	0.00068494731435489	0.000695401478171745
cproductos_delta2	0.000408475590951275	0.000202387575480872	0.000158852342522829
mpasivos_margen_avg6_delta1_lag2	0.000408470020554069	0.000369598727852371	0.000928610236343557
Visa_Fvencimiento_tend6_lag1_lag2	0.000407715188957485	0.000501489380270187	0.000723285134040114
Visa_msaldototal_ratiomax6_delta1_lag2	0.000407140663521507	0.000917038748632906	0.00109168737521008
ctrx_quarter_max6_delta1_lag2	0.000406683364805634	0.000535108606283316	0.000611750510566638
Visa_cconsumos_avg6_delta1	0.000405776762106575	0.000436076287095061	0.000832284879707374
Visa_fultimo_cierre_avg6_delta1	0.000404714141363265	0.000232216782738772	0.000554293280292424
Visa_fultimo_cierre_tend6_delta1_lag2	0.000404234858197938	0.000772648576004099	0.000671742618647068
mrentabilidad_annual_min6_delta1_delta2	0.00040368764251082	0.000563481497006119	0.00100888136687371
chomebanking_trx_min6_lag1	0.000403316990372877	0.000662036162103397	0.000791726834807928
cprestamos_personales_delta2	0.000402777953115533	0.000179153414830376	8.70308046800604e-05
mforex_sell_avg6	0.000401900191695786	0.00327437020300745	0.000703851070859129
cmobile_app_trx_delta2	0.00040103720165239	0.00199146023166781	0.00091086609170005
ctarjeta_master_trx_ratioavg6	0.000400494216488034	0.000947531608851024	0.000597386202998085
mtarjeta_visa_debitos_automaticos_tend6_delta1_delta2	0.00039988777982794	0.000790332453298441	0.000824680246288728
Visa_cconsumos_avg6_delta1_lag2	0.000399857983068628	0.000654388631739004	0.000931990073418511
mpayroll_ratioavg6_delta1	0.00039971291496372	0.00441404615013003	0.000892276987787804
mcuenta_corriente_min6_lag1_delta2	0.000398838097640941	0.000557569142276005	0.00065991318888473
mrentabilidad_annual_max6_delta1_lag2	0.000398279454690134	0.000424168194031218	0.000817075612870082
mtransferencias_recibidas_lag1	0.000397088490719291	0.000532330391394216	0.00073595952307119
Visa_Fvencimiento_avg6_delta1_delta2	0.00039583304105081	0.000358155974619308	0.000875377802413035
chomebanking_trx_min6	0.000395729363487352	0.00141035058207175	0.000822145368482512
mcomisiones_mantenimiento_avg6_delta1_lag2	0.000395686768422546	0.000904918421971574	0.000754548626983436
ctarjeta_visa_debitos_automaticos_avg6_lag1_delta2	0.000394490708032715	0.000493894886889061	0.000574572302742146
mrentabilidad_ratiomax6_delta1_delta2	0.00039184636375425	0.000389320882910685	0.00082890504263242
ccomisiones_mantenimiento_delta1	0.000390906718639478	0.000678974469837076	0.000236588595246766
ccomisiones_otras_min6	0.000390485688537429	0.000766290359390421	0.000591471488116915
ccaja_ahorro_tend6_delta1	0.000390354101669404	0.00150376529637876	0.000213774694990828
ctarjeta_visa_trx_tend6_delta1_lag2	0.000389864575364691	0.000910279055012637	0.000854253820694573
mcomisiones_mantenimiento_tend6_delta2	0.000389574135943429	0.000490684580671714	0.000740184319414883
Visa_mpagominimo_ratiomax6_delta2	0.000389090196787674	0.000472152700587972	0.000937059829030941
Visa_mpagominimo_tend6_delta1_lag2	0.000388113442025878	0.000441863154159738	0.000889742109981588
Visa_mpagospesos_tend6_delta1	0.00038735536031277	0.000416341807068498	0.000948044299524542
mv_Finiciomora_delta1	0.000386333108820882	0.000666781489040581	0.000131813645923198
mcuentas_saldo_min6_delta1_delta2	0.000385967941853689	0.000428473762674676	0.000888052191444112
Visa_cconsumos_avg6_delta1_delta2	0.000385595021935309	0.000416323946037185	0.000980997711005341
ctarjeta_visa_trx_ratiomax6_delta2	0.000384794608286449	0.000493120962405788	0.000909176173162573
mpasivos_margen_avg6_delta1_delta2	0.00038434941294647	0.000325389152405092	0.00093790478829968
chomebanking_trx_max6_delta2	0.000382225159810006	0.00077272701248753	0.000790036916270451
ctrx_quarter_max6_delta1_delta2	0.000381296908943807	0.00053459867812257	0.000817075612870082
mcomisiones_otras_delta1_lag2	0.000381095475560514	0.000338563386994375	0.00093790478829968
Visa_cconsumos_min6	0.000380428371659319	0.00188295303156629	0.000807781060913959
ctrx_quarter_min6_lag1_delta2	0.000380198665625162	0.000503046898608001	0.000840734472394758
Visa_delinquency_tend6	0.000379367289422193	0.000850366367085841	0.000332913951882949
mactivos_margen_max6_delta2	0.000379361435688935	0.000481442267947343	0.000819610490676297
Master_fechaalta_tend6_delta2	0.000379193720136711	0.000315866352957583	0.000718215378427683
Visa_mconsumospesos_lag2	0.000377749999649332	0.00035968125101151	0.000882982435831681
chomebanking_trx_min6_lag2	0.00037758209079544	0.000433639787572411	0.000763843178939559
mplazo_fijo_dolares_avg6_delta1	0.000377403203511157	0.00222860090882468	0.000355727852138888
mtransferencias_recibidas_tend6_lag1	0.000372271624839903	0.000746920799079741	0.000864393331919435
ctarjeta_visa_debitos_automaticos_min6_lag1_lag2	0.000371228876794739	0.00213676584639969	0.00056189791371107
mplazo_fijo_dolares_tend6	0.000371045147335252	0.00566328838797941	0.000467262475612363
cmobile_app_trx	0.000370561785380311	0.000420225210748233	0.00100381161126128
mpagomiscuentas_tend6	0.000370466025534634	0.00334286223601374	0.000647238799853653
chomebanking_trx_min6_lag1_lag2	0.000369297906996254	0.000451138683262484	0.000758773423327129
mcomisiones_mantenimiento_tend6_lag1_lag2	0.000368897655748231	0.000527469299703124	0.000771447812358205
mprestamos_personales_delta1_delta2	0.000367992677169301	0.000276478677729811	0.000197720468884797
cmobile_app_trx_tend6_lag2	0.000366960464657183	0.00222929556159644	0.000896501784131496
Visa_Finiciomora_max6	0.000366951667812338	0.000923924422489019	0.000252642821352797
ccajas_trx_tend6_lag1_delta2	0.000365906013828349	0.000760207671671647	0.000785812119926759
mpayroll_ratioavg6_delta2	0.000364932769512187	0.0016519897976834	0.000588091651041962
matm_avg6	0.00036312025092656	0.000487040994532309	0.000776517567970636
Visa_mpagominimo_max6_delta1	0.000362088399756277	0.00102374253068255	0.000485851579524609
Visa_Fvencimiento_avg6_delta1	0.000362052251839217	0.000390444478843301	0.000749478871371006
chomebanking_trx_avg6_delta1_lag2	0.000360132901199999	0.000377960967170567	0.000922695521462388
ctrx_quarter_min6_delta1	0.000359348219931539	0.000727613581049817	0.000732579685996237
ctransferencias_emitidas_ratiomax6_delta1_lag2	0.000357752236596161	0.000410735863256251	0.000871153006069343
ctransferencias_recibidas_tend6_lag2	0.000357099168632699	0.000456660579571871	0.000852563902157097
matm_other_avg6_lag1_lag2	0.000356012874713348	0.00225073042679521	0.000717370419158945
mtransferencias_recibidas_tend6_lag1_delta2	0.0003554260209727	0.000343115851200764	0.000858478617038266
mtarjeta_visa_debitos_automaticos_avg6_delta1_lag2	0.000352966964389509	0.000583952412624694	0.000737649441608667
mprestamos_hipotecarios_avg6	0.000352425931216553	0.00844016278954699	0.000439378819743994
mprestamos_personales_min6_delta2	0.000351940625072211	0.000394537192822234	0.000275456721608735
mcaja_ahorro_dolares_min6_lag1_lag2	0.000348386041733585	0.000534807667180197	0.000702161152321652
chomebanking_trx_lag2	0.000347977801912191	0.000394124118994953	0.000902416499012665
Visa_mpagominimo_max6_delta1_delta2	0.000346528698994792	0.00067992584816382	0.000596541243729346
tcallcenter_tend6_delta2	0.000345750711617516	0.000541798622606972	0.000595696284460608
mcuenta_corriente_lag1_delta2	0.000345377936664252	0.000458971644969345	0.000733424645264975
mautoservicio_ratiomax6_lag1	0.000344960170883771	0.000497209971398609	0.000810315938720174
Visa_mpagominimo_ratiomax6_lag1_delta2	0.000343707137845612	0.000321847174974394	0.000824680246288728
ccajas_consultas_avg6_lag1	0.000343548370460073	0.0012797901053324	0.000719060337696421
Visa_msaldopesos_max6_delta2	0.00034267411988595	0.000976328249329297	0.000824680246288728
Master_mpagospesos_avg6_delta2	0.000342448586876717	0.00206729803141535	0.000661603107422207
ccajas_trx_tend6_delta1_delta2	0.00034033984941847	0.00232226962884137	0.00075792846405839
cforex_buy_ratioavg6	0.000338328027181941	0.00722184912256566	0.00043599898266904
Visa_mpagado_tend6_delta1	0.000338283353571052	0.00170737507824629	0.00069286660036553
mtransferencias_emitidas_tend6_delta2	0.000335733022310456	0.000546952001294887	0.000775672608701898
ctransferencias_emitidas_max6_lag2	0.000334863061116564	0.00110983762731213	0.000667517822303376
mrentabilidad_annual_min6_delta1_lag2	0.000334404229850072	0.000378264583286772	0.000717370419158945
mextraccion_autoservicio_ratioavg6	0.000334202491926924	0.000453430624078469	0.000792571794076667
mcuenta_corriente_delta1_delta2	0.000332990794891347	0.000636133051529934	0.000738494400877406
mtransferencias_recibidas_lag2	0.000330358778503268	0.000660291873916572	0.000673432537184545
ctransferencias_recibidas_avg6_delta2	0.000329275108809994	0.000790951764213897	0.000722440174771375
mpayroll_sobre_edad_lag1_lag2	0.000328943105169113	0.000364959185764308	0.000253487780621535
mtarjeta_visa_debitos_automaticos_tend6_lag2	0.000328016596554862	0.000906467855729868	0.000724130093308852
ctrx_quarter_min6_delta1_delta2	0.000328004652388252	0.00046472065906898	0.00080186634603279
Master_mpagospesos_tend6_lag1	0.000327924205194791	0.00103849399713401	0.000762153260402082
mpayroll_min6_delta1	0.000326962493767591	0.0019973213804916	0.000376006874588611
Visa_mconsumosdolares_ratiomax6_lag1_lag2	0.000325467232688096	0.000358381807443275	0.000753703667714698
mtransferencias_emitidas_tend6	0.00032314116767475	0.000695665003947533	0.000720750256233898
Visa_mconsumosdolares_tend6_delta1_lag2	0.000321297970690853	0.00200647377770043	0.000802711305301528
Visa_fultimo_cierre_ratioavg6_lag1_lag2	0.000320852920083724	0.000238670654384052	0.000787502038464236
mcuenta_corriente_min6_delta1_delta2	0.000320765248360821	0.00036498279701973	0.000733424645264975
mtransferencias_emitidas_avg6_delta2	0.000320352078692112	0.000856609686297851	0.00077989740504559
mcuenta_corriente_max6_lag1_lag2	0.000319770017706923	0.000505815615454671	0.000638789207166269
mprestamos_personales_ratioavg6_lag1_lag2	0.00031873087422446	0.000491497953619828	0.000471487271956055
Visa_mconsumosdolares_avg6_delta1_lag2	0.000317298877368571	0.00113676032650578	0.000737649441608667
Visa_fultimo_cierre_ratiomax6_lag1_lag2	0.000316767511945293	0.000233398191446002	0.000692021641096791
ctransferencias_emitidas_tend6	0.000315690567610833	0.000808548006807843	0.000690331722559314
ccajas_consultas_ratioavg6	0.000315040473307755	0.00116424578739045	0.00045289816804381
ctarjeta_visa_debitos_automaticos_tend6	0.000314826481626187	0.000449411260258103	0.000572037424935931
mtarjeta_visa_consumo_min6_lag2	0.000313711199179321	0.000521540840062283	0.000593161406654392
Master_msaldototal_ratiomax6_lag2	0.000313054820701077	0.0005375190102824	0.000664982944497161
mcomisiones_mantenimiento_avg6_delta1_delta2	0.000312949503867944	0.000593198280422443	0.000680192211334453
ccallcenter_trx_tend6_delta1_delta2	0.000311499887521021	0.000704298788765159	0.000650618636928607
cextraccion_autoservicio_ratioavg6_lag1	0.000310193822312737	0.000339091326099167	0.000742719197221098
tpaquete9_avg6	0.00030911984880369	0.00067452240432948	0.000286441192102335
mautoservicio_avg6_delta1	0.000305969569730332	0.00130655161621409	0.000612595469835377
ctarjeta_visa_debitos_automaticos_max6_lag1_lag2	0.00030443884606899	0.000928529249071377	0.000565277750786023
mcomisiones_mantenimiento_delta2	0.0003041514658697	0.00120943200145995	0.000489231416599563
mautoservicio_ratioavg6_delta1	0.000304104161394301	0.000435836255393684	0.000773982690164421
mextraccion_autoservicio_tend6_lag1_delta2	0.00029973323026295	0.000556327136700551	0.000682727089140668
Visa_mconsumospesos_min6_delta1	0.000298977744279349	0.0008987521900284	0.000583866854698269
ctransferencias_recibidas_avg6_lag1_delta2	0.000298940632485326	0.00088709848816413	0.000759618382595867
chomebanking_trx_max6_lag1_delta2	0.000298172899463853	0.000598500351125228	0.000746099034296052
Visa_mpagospesos_max6_delta2	0.000297275068646831	0.00145802657893238	0.000718215378427683
Master_mpagominimo	0.000296326482485559	0.000936386228939649	0.000571192465667193
mtarjeta_visa_debitos_automaticos_avg6_lag1	0.000294640042743989	0.000277926567027712	0.000567812628592239
ctarjeta_visa_debitos_automaticos_ratiomax6_lag1_lag2	0.000294465375536589	0.000472809232693381	0.000670052700109591
mtransferencias_recibidas_max6_delta2	0.000294181132264697	0.000908892330109734	0.000628649695941407
mpayroll_max6_delta2	0.000294064935093075	0.00237500433449912	0.000586401732504485
mtransferencias_emitidas_delta2	0.000293050519274477	0.000770607610518988	0.000566122710054762
cpagomiscuentas_tend6_lag1_lag2	0.000292227117968986	0.000748576360344832	0.000564432791517285
Visa_mpagado_ratioavg6_lag1	0.000292181937070497	0.00109148280487393	0.000517115072467932
mv_mpagominimo_delta1_delta2	0.000289868033519503	0.000527933697225298	0.000634564410822576
ccomisiones_mantenimiento_delta2	0.000289816916277748	0.000654337297336059	0.000235743635978028
ccomisiones_otras_ratiomax6_delta1_lag2	0.000289428479167984	0.00029150960293139	0.00074694399356479
ctarjeta_visa_trx_tend6_delta1	0.000288334730306063	0.000376970365248082	0.000646393840584915
cpagomiscuentas_avg6_lag1	0.000284383121845608	0.000603004029445131	0.000606680754954207
internet_ratioavg6_delta1_delta2	0.000283177875028917	0.000242231146037255	0.000386146385813472
ccaja_seguridad_lag1	0.000282547707199347	0.000831792843386528	0.000156317464716613
ccajas_consultas_tend6_delta1_delta2	0.000281523099711637	0.00078654384800612	0.000667517822303376
Visa_msaldopesos_min6_delta2	0.000280817983938221	0.000968901347675431	0.000619355143985284
Visa_mconsumosdolares_ratioavg6_delta2	0.000279108453564652	0.000532494310259521	0.000646393840584915
Visa_mconsumosdolares_ratioavg6_lag1	0.000278237583560494	0.000464939413870347	0.000630339614478884
ccallcenter_trx_avg6_lag1_delta2	0.000276374755065208	0.00107881475062707	0.000657378311078514
ccomisiones_otras_ratiomax6_delta1_delta2	0.000275292079309289	0.000291025010022493	0.000673432537184545
chomebanking_trx_max6_delta1_delta2	0.000275289462411117	0.000525444107179118	0.000636254329360053
mprestamos_prendarios_min6	0.000275250005763098	0.00671604059584165	0.000507820520511809
ctarjeta_visa_trx_avg6_delta1_delta2	0.000273335688561855	0.000452836894700066	0.000662448066690945
Visa_mconsumosdolares_ratioavg6_delta1_lag2	0.000271601249486264	0.000426495000265641	0.000650618636928607
mextraccion_autoservicio_tend6	0.000270570563650687	0.000576373692204673	0.000634564410822576
mtarjeta_visa_debitos_automaticos_max6	0.000269518762501891	0.000320570475309341	0.000567812628592239
mtransferencias_emitidas_lag2	0.000269319168923113	0.000637112003091467	0.000515425153930455
mtransferencias_recibidas_lag1_lag2	0.000269044821813047	0.000492322752059795	0.000604990836416731
Visa_mconsumosdolares_min6	0.00026904265390451	0.00151890265962065	0.000550068483948731
internet_avg6_delta2	0.000268916203493506	0.000350802283919328	0.000394595978500856
mextraccion_autoservicio_tend6_delta2	0.000268479222508702	0.000468531719147069	0.000640479125703746
thomebanking_avg6_delta2	0.000267695561772659	0.000553412533348726	0.000537394094917655
mpayroll_sobre_edad_delta2	0.000266617823371727	0.000874224089748574	0.000393751019232118
ccajas_consultas_avg6_delta1_delta2	0.000266423892900198	0.00303420730657268	0.000524719705886578
cplazo_fijo_ratioavg6	0.00026052228381234	0.00147151466653591	0.000235743635978028
Visa_mlimitecompra_ratioavg6	0.000258857972311338	0.00103780911010599	0.000264472251115135
mcuenta_corriente_min6_delta1_lag2	0.000251963217069768	0.000313071015892782	0.00045289816804381
ctransferencias_emitidas_tend6_lag1_delta2	0.000251923606553022	0.000550332501296214	0.000650618636928607
mprestamos_personales_ratioavg6_lag1_delta2	0.000250164620163599	0.0005024123180099	0.000445293534625163
Visa_fechaalta_avg6_delta1_lag2	0.000249953967323961	0.000220628988936689	0.000475712068299748
mprestamos_personales_delta1	0.000249046609309854	0.00107969543439223	0.000232363798903074
cmobile_app_trx_min6_lag1	0.000245481242741276	0.000368972692280042	0.000485006620255871
cmobile_app_trx_ratioavg6_delta1_delta2	0.000244597740174265	0.000450002901566298	0.000690331722559314
Visa_mconsumosdolares_ratioavg6_delta1_delta2	0.000243809351454683	0.000402780444262767	0.000615130347641592
mcuenta_debitos_automaticos_avg6_delta1	0.00024198913386355	0.000824990799419233	0.000463882638537409
internet_tend6	0.000240485703215789	0.000369315564116146	0.000410650204606887
mtransferencias_emitidas_delta1	0.000239209399989409	0.000473232725455595	0.000559363035904854
Visa_cconsumos_lag1_delta2	0.000237426575526369	0.000348404365509279	0.000577107180548362
mtarjeta_visa_debitos_automaticos_tend6_delta1	0.00023476248916892	0.000427289805450988	0.000584711813967008
Visa_delinquency_tend6_lag1	0.000232445444419607	0.0014502754802857	0.000316014766508181
Master_mpagospesos_avg6_delta1	0.000230582032863907	0.000578774908694844	0.000520494909542886
ctarjeta_visa_descuentos_avg6	0.000230465998412451	0.00457587948303645	0.000377696793126087
cpayroll_trx_min6_delta2	0.000229536529478406	0.000731896116672679	0.000219689409871997
mextraccion_autoservicio_tend6_lag2	0.00022837576227264	0.000396607102172835	0.000577107180548362
mprestamos_personales_max6_lag1_delta2	0.000226311980797	0.000426679082393513	0.000402200611919502
ccajas_consultas_avg6_lag1_delta2	0.00022591373002162	0.00200189268016207	0.000442758656818948
cplazo_fijo_ratiomax6	0.000225396021367219	0.00126765972380992	0.000195185591078582
cproductos_ratioavg6_delta1_delta2	0.000223843751457195	0.000373416855245008	0.000521339868811624
mautoservicio_avg6_delta1_lag2	0.000222755068011582	0.000399359660568515	0.0005559831988299
Master_mpagominimo_max6_delta1	0.000222190004449091	0.00197838121307998	0.000490076375868301
Visa_delinquency_tend6_delta1_delta2	0.000219342648328843	0.00100672973773675	0.000360797607751318
ccomisiones_mantenimiento_max6_delta1	0.000219093719641419	0.000344638289959094	0.000156317464716613
ccomisiones_mantenimiento_tend6_delta2	0.000217329113076169	0.000410790495739318	0.000387836304350949
mv_Fvencimiento_delta2	0.000216742258246059	0.000143025613394259	0.000190115835466151
tmobile_app_tend6_lag1	0.000214769913954742	0.000838437168450825	0.000477401986837225
thomebanking_avg6_delta1	0.000213752780567547	0.000423212907265369	0.000317704685045657
ctarjeta_visa_debitos_automaticos_avg6_delta1_delta2	0.000213309920945384	0.000476487662835118	0.000534014257842701
Master_mpagominimo_max6_lag1_delta2	0.000212355616448915	0.00138896529515534	0.000484161660987132
Visa_cconsumos_min6_delta1_delta2	0.000212272147821455	0.00153959381845987	0.000434309064131564
matm_tend6_delta1	0.000211877453881306	0.000476297370036886	0.000526409624424055
ccomisiones_mantenimiento_tend6_lag2	0.000210995341038921	0.00176043346691035	0.000401355652650764
internet_tend6_delta2	0.000210593262317919	0.000503434605059276	0.00044191369755021
Master_fechaalta_avg6_delta1_lag2	0.000209756087966746	0.000310027466174612	0.000532324339305224
mextraccion_autoservicio_tend6_lag1	0.000208895077635401	0.000424757832933625	0.000551758402486208
ctransferencias_emitidas_avg6_lag1_delta2	0.00020840544459151	0.000483353955116486	0.00050697556124307
Master_msaldototal_max6_delta2	0.000206575540327207	0.000576220620596394	0.000505285642705593
ctarjeta_master_trx_avg6_delta1	0.0002059257518762	0.00106787286654247	0.000470642312687317
mtransferencias_emitidas_avg6_delta1_lag2	0.000205838503712085	0.000414981980793086	0.000542463850530085
Visa_mconsumospesos_min6_delta1_delta2	0.000205614781505549	0.000386139434894408	0.000567812628592239
mextraccion_autoservicio_avg6_delta1_lag2	0.000203064266175781	0.000479539457753595	0.000510355398318024
internet_tend6_lag1	0.000201896618764037	0.000349078148287017	0.000368402241169964
mpayroll_tend6_delta2	0.00020175038582806	0.000668501641277419	0.000370092159707441
ccuenta_debitos_automaticos_avg6_delta1	0.00019981992311176	0.00249349702899	0.000395440937769595
mpayroll_min6_delta1_delta2	0.00019887054635594	0.00101978492020006	0.000324464359195565
ccajas_trx_tend6_delta1	0.000197354053468964	0.000514617752271274	0.00050697556124307
cforex_sell_avg6_lag1	0.000194901554728829	0.000585501525141417	0.000373471996782395
ctarjeta_visa_trx_min6_delta1	0.00019395395882029	0.000400460641094578	0.000254332739890274
mtarjeta_master_consumo	0.000192205573750015	0.000317625289760017	0.000296580703327196
Visa_delinquency_tend6_delta2	0.000186409907681108	0.000351167503460677	0.000225604124753166
ccomisiones_mantenimiento_tend6_lag1_lag2	0.000184640168193211	0.00236957807180524	0.00040896028606941
mtransferencias_recibidas_min6	0.000183575528268558	0.000854410455799073	0.000393751019232118
mtransferencias_emitidas_avg6_delta1	0.000183294960404257	0.000379618327388451	0.000490076375868301
ctrx_quarter_max6_delta1	0.000180618424310202	0.000282662749288193	0.000435154023400302
mprestamos_personales_tend6_delta1_delta2	0.000179608131244994	0.000381294094748317	0.000337138748226642
ccajas_consultas_tend6_delta1_lag2	0.000177067739398837	0.000543904521721506	0.000469797353418579
ccallcenter_trx_delta2	0.000175915196644703	0.000581441813379813	0.000377696793126087
mcaja_ahorro_max6_delta1_lag2	0.000170255479161276	0.00049024031428795	0.000458812882924979
internet_tend6_lag1_lag2	0.000169850197126059	0.00040189529523978	0.000329534114807996
internet_avg6_lag1_delta2	0.000161653335832932	0.000319152525725798	0.000308410133089534
mtarjeta_master_consumo_tend6_lag1	0.00016158918169776	0.0010031811213136	0.000324464359195565
mcaja_ahorro_adicional	0.000157965490543882	0.00277186349351612	0.00025602265842775
mtarjeta_visa_debitos_automaticos_lag1_delta2	0.000157901392776194	0.000380709959784816	0.000405580448994456
ccaja_seguridad_max6	0.000150057396581128	0.000301240609748706	8.36509676051066e-05
internet_tend6_delta1	0.000148961295480618	0.000237822373185291	0.000306720214552058
Visa_cconsumos_min6_lag1_delta2	0.000145353496379727	0.000387739132250412	0.000332913951882949
mpayroll_max6_lag1_delta2	0.000143656754471984	0.000976756314429862	0.000287286151371073
internet_tend6_delta1_lag2	0.000141407372891816	0.000410055569982687	0.000306720214552058
tmobile_app_avg6_delta1	0.000138791297783005	0.000373051121717146	0.000325309318464303
ccuenta_debitos_automaticos_avg6_delta1_delta2	0.000137721181446403	0.000508708974030643	0.000321084522120611
mtarjeta_visa_debitos_automaticos_max6_delta2	0.000135986166612364	0.000356357289526567	0.000331224033345473
Visa_Fvencimiento_max6_delta2	0.000135681307178447	0.000249846434456036	0.000266162169652612
mcuenta_corriente_max6_delta1_lag2	0.000134597217533835	0.00070079173029316	0.000291510947714765
mcuenta_corriente_max6_delta1_delta2	0.000128041293710441	0.000409733557432552	0.000317704685045657
ccaja_seguridad_max6_lag1_lag2	0.000124950675226124	0.000149501757788417	4.98525968555686e-05
mcomisiones_mantenimiento_max6_delta1	0.000111801696981643	0.000395445385573868	0.000189270876197413
mcomisiones_mantenimiento_max6_delta1_delta2	9.89878253318579e-05	0.000646354380064151	0.000237433554515505
Master_fultimo_cierre_max6_delta2	9.5463587600095e-05	0.000576216637200921	0.000188425916928674
ccajas_depositos_ratioavg6_delta1_delta2	8.64251863205336e-05	0.000513673205681927	0.000201100305959751
Visa_Fvencimiento_ratiomax6_delta2	7.80427524529437e-05	0.000321298419415843	0.000170681772285167
cmobile_app_trx_min6_delta1	7.36962919240191e-05	0.000641987454280754	0.000205325102303443
Visa_status_max6_lag1_lag2	5.78655302489566e-05	0.000378846876465269	9.21005602924911e-05
cliente_vip_max6_lag2	5.09691695917741e-05	0.00245322506138343	0.000129278768116983
Master_mpagado_avg6_delta1	4.80734876284011e-05	0.000495429350790175	0.000162232179597783
mpagomiscuentas_min6_delta2	4.63253881800813e-05	0.000557821948683831	0.000146177953491752
mcaja_ahorro_adicional_lag2	4.21826658996108e-05	0.000332120940840948	0.000101395112248614
