Feature	Gain	Cover	Frequency
mdescubierto_preacordado_tend6	0.249375843209516	0.0273586978255083	0.00904431715405487
ctrx_quarter_normalizado	0.0957523141270602	0.0165213749177185	0.00452215857702744
ctrx_quarter_min6	0.0868819182655105	0.0190176222017871	0.00331624962315345
mcuenta_corriente	0.0359836154350069	0.00311676166251639	0.00452215857702744
mtarjeta_visa_consumo	0.0318594929278708	0.00845356107793844	0.00391920410009044
cpayroll_trx	0.0232353690347143	0.0170034991770585	0.00271329514621646
mcaja_ahorro	0.0206030247915146	0.0120139523561432	0.00602954476936991
mprestamos_personales_ratioavg6	0.0178073935303349	0.00605989249835836	0.00271329514621646
ctrx_quarter_lag1	0.0147654115773101	0.00304830942801529	0.000904431715405487
mpayroll_sobre_edad	0.0140241937766034	0.0154465414898954	0.00180886343081097
mprestamos_personales_ratiomax6	0.0100393490563028	0.00543372902597228	0.00331624962315345
mv_msaldototal	0.00982754948235164	0.00129906694651	0.00180886343081097
mpayroll_ratioavg6	0.00963798813886147	0.00780345508586224	0.00271329514621646
mactivos_margen_min6	0.00945297466090859	0.00388529027392707	0.00331624962315345
cpayroll_trx_ratioavg6	0.00828395664496506	0.00777628399484501	0.00150738619234248
mcomisiones_mantenimiento_avg6_delta1	0.00742350357943622	0.00334336316253019	0.00301477238468496
mpasivos_margen	0.00711379944818087	0.00588569821170485	0.00391920410009044
mdescubierto_preacordado_avg6_delta1	0.00646646870225092	0.00616324845149965	0.00422068133855894
mpayroll	0.00608535636694187	0.0114297548757044	0.00120590895387398
ctarjeta_visa_tend6	0.00574589208710774	0.00266080658625652	0.000301477238468496
mprestamos_personales	0.00571025488819729	0.00945308110424821	0.00241181790774797
mdescubierto_preacordado_tend6_delta1_delta2	0.00550727210093957	0.000686562396253611	0.000904431715405487
mprestamos_personales_tend6	0.0052994400238753	0.0125710113573965	0.00361772686162195
mes	0.00525209899271772	0.00229616282667181	0.00391920410009044
mv_status04	0.00518836120703072	0.000503975998271718	0.00150738619234248
mprestamos_personales_min6_lag2	0.00464030404370545	0.00119729085543226	0.000602954476936991
mcuentas_saldo	0.00443284984035307	0.00691908562511772	0.00572806753090142
Visa_status_max6	0.00440098062303873	0.00632870820259311	0.00211034066927947
mcuentas_saldo_avg6_delta1	0.00432531969480763	0.00206232150004569	0.000904431715405487
foto_mes	0.00398213736132771	0.00909352841392792	0.00904431715405487
ccallcenter_trx	0.00341139964238169	0.00103428967408678	0.00120590895387398
mcuentas_saldo_tend6	0.00324369929301446	0.00229191785326024	0.00301477238468496
mv_mpagospesos	0.00312143598477818	0.00206733466326798	0.00120590895387398
ccomisiones_mantenimiento_avg6_delta1	0.00303008635679814	0.000669560761386258	0.000904431715405487
mcuentas_saldo_min6_delta2	0.00295256126819275	0.00326750804225885	0.00271329514621646
mprestamos_personales_avg6_lag2	0.00290376036275605	0.00114184168289226	0.00120590895387398
mprestamos_personales_ratioavg6_delta1	0.0028595734863452	0.000448053954173709	0.000602954476936991
ctarjeta_visa_trx	0.00280625862143137	0.00336570770247255	0.00150738619234248
Master_status_max6	0.0026489293884687	0.0033913804610052	0.00180886343081097
mtarjeta_visa_consumo_min6	0.00257521252498346	0.00215431585341576	0.000904431715405487
mcuenta_corriente_ratioavg6	0.00250591740990115	0.00097245039432415	0.00361772686162195
mcaja_ahorro_dolares_delta1	0.0024936206582695	0.0115298260926975	0.00241181790774797
mactivos_margen	0.00249073412969841	0.00573957727674248	0.00452215857702744
mcuentas_saldo_ratioavg6	0.00247461898101075	0.00243953349717034	0.00542659029243292
mtransferencias_recibidas	0.00246663837851904	0.00476927201622939	0.00180886343081097
mcuentas_saldo_min6_delta1	0.00227571495843133	0.00436436170347685	0.00422068133855894
ctarjeta_visa_trx_ratioavg6	0.00213436798506777	0.00157849780192632	0.00301477238468496
thomebanking	0.00209623133244565	0.00135376967046034	0.00180886343081097
mpasivos_margen_max6	0.00201535081206319	0.00160616169395419	0.00120590895387398
mprestamos_personales_ratiomax6_delta2	0.00198079912006153	0.00197809963320386	0.00180886343081097
Master_mpagominimo	0.00196253722146277	0.00312008988110668	0.00180886343081097
ccaja_ahorro	0.00195814829408137	0.00972758938486331	0.00391920410009044
mv_mpagominimo	0.00193286370174232	0.000414958380418175	0.00150738619234248
mcaja_ahorro_ratioavg6	0.00185013019809197	0.0027430771785084	0.00452215857702744
mrentabilidad_avg6_lag1_lag2	0.00183704162712997	0.00039469193885528	0.00150738619234248
tcallcenter_tend6	0.00165009174834104	0.00156372101868056	0.00120590895387398
cproductos_min6_delta1	0.00157470580000582	0.00331580072953392	0.00180886343081097
ctarjeta_visa_trx_tend6	0.00157194860448283	0.00056417925114973	0.000904431715405487
mcomisiones_mantenimiento	0.00154147584339366	0.00663265590828915	0.00180886343081097
ccaja_ahorro_max6	0.0015183705514461	0.00824981684833027	0.00331624962315345
ccomisiones_mantenimiento_tend6	0.00146534962397967	0.000975568447777551	0.00120590895387398
ccaja_seguridad_lag1	0.00145743392936576	0.00317490312293073	0.00120590895387398
mprestamos_personales_min6	0.00141489525399339	4.41473611266823e-05	0.000301477238468496
mcuenta_corriente_avg6_delta1	0.00138833910727957	0.00173704746826017	0.00211034066927947
mrentabilidad_ratiomax6	0.00135155571056093	0.00190684640472312	0.00452215857702744
cproductos_ratioavg6	0.00134744068226763	0.00480398549918532	0.00180886343081097
mrentabilidad_avg6	0.0013088832915078	0.000313803725909006	0.00120590895387398
mpagomiscuentas	0.00126829512916796	0.00940857138943723	0.00211034066927947
ctarjeta_visa_trx_avg6_delta2	0.00126633477575749	0.000835107477363947	0.00241181790774797
ccaja_ahorro_max6_delta2	0.0012634601069383	0.00744374839522612	0.00120590895387398
Visa_fechaalta_max6_delta2	0.00124785029016329	0.00232933630646947	0.00120590895387398
cproductos_tend6	0.00119985309213937	0.000411260561069894	0.000602954476936991
mprestamos_personales_tend6_delta1	0.00119188304637495	0.000408474061237628	0.000602954476936991
cproductos_ratiomax6_delta2	0.00115600518264482	0.00359745100126657	0.00180886343081097
mtarjeta_visa_debitos_automaticos_avg6_delta2	0.00113776117335732	0.00132956444434911	0.00211034066927947
mcuenta_corriente_min6_lag2	0.00112594043792297	0.000749441631090178	0.00271329514621646
Visa_Finiciomora	0.0011241807251687	0.00670111357809552	0.00180886343081097
Visa_cconsumos_min6_delta2	0.00110883724868224	0.00553964500789315	0.00271329514621646
cproductos	0.00108442005943813	0.00376287995229686	0.00241181790774797
ctrx_quarter_ratiomax6_delta1	0.00107691529921548	0.00501406910650031	0.00452215857702744
ctrx_quarter_ratiomax6	0.0010692594028468	0.00213929810496995	0.00422068133855894
Visa_mpagominimo_max6_delta1	0.00101429243696066	0.00715987870717713	0.00150738619234248
mvr_mpagominimo	0.0010138793164614	0.00522826905166895	0.00331624962315345
mactivos_margen_avg6	0.00101017966068349	0.00223734557663625	0.00361772686162195
mtarjeta_visa_consumo_avg6_delta1	0.000996080650255204	0.0024515382747312	0.00120590895387398
mactivos_margen_ratioavg6	0.000982458772624481	0.00155656634518406	0.00301477238468496
mplazo_fijo_dolares_ratiomax6	0.000974194943650561	0.0033073886887529	0.00150738619234248
Master_fechaalta_avg6_delta2	0.000962290595280051	0.000858097006864356	0.00271329514621646
mtarjeta_visa_debitos_automaticos_ratiomax6	0.00096101790068734	0.00282233842341216	0.00301477238468496
Visa_fultimo_cierre_tend6_delta1	0.000947730186890508	0.000383971705105266	0.00211034066927947
mpayroll_min6_delta2	0.000943338804270262	0.00907321305461764	0.00271329514621646
mcomisiones_mantenimiento_ratioavg6	0.00094060174193432	0.00095870269554181	0.00241181790774797
Master_fechaalta_tend6	0.000937853830390329	0.000903284323064979	0.00150738619234248
Master_fechaalta_ratioavg6_delta1	0.000926608670806475	0.000431421920064342	0.00241181790774797
Visa_mpagominimo_min6	0.000923644782931948	0.00466491415515101	0.00150738619234248
ctarjeta_visa_trx_ratiomax6	0.000920408546060211	0.00210936044357309	0.00120590895387398
cproductos_avg6_delta1	0.000909998625828145	0.00477342277768304	0.00150738619234248
mv_Finiciomora	0.000909639349779333	0.00883942789281259	0.00211034066927947
mpayroll_min6_lag1_lag2	0.000900888238725675	0.00428575813051009	0.00150738619234248
ctrx_quarter_ratioavg6	0.000890527391280474	0.000538437645417063	0.00241181790774797
mcaja_ahorro_dolares	0.00088678960603743	0.00220063008957456	0.00150738619234248
Visa_mpagominimo_avg6	0.000873291587151911	0.00653830987950798	0.00391920410009044
mcuenta_corriente_ratioavg6_lag1	0.000855127067507402	0.0010283253324432	0.00120590895387398
mcuentas_saldo_min6	0.000852956415863262	0.0020572068777918	0.00241181790774797
mprestamos_personales_min6_delta2	0.000839081881701864	0.000902409238917394	0.000602954476936991
ctrx_quarter_avg6_lag1_delta2	0.000836447367003531	0.000448302166447455	0.000904431715405487
Visa_cconsumos_ratioavg6	0.000823603105445626	0.00125159136679302	0.00241181790774797
mcuenta_corriente_avg6	0.00081731280636874	0.000793565439227381	0.00271329514621646
ctarjeta_visa_trx_avg6_delta1	0.000815968286042842	0.00187812987524235	0.00211034066927947
mcuenta_corriente_min6_lag1_lag2	0.0007993325907307	0.000840877959786423	0.00180886343081097
mv_fechaalta_delta2	0.000784025349867921	0.0011610246869391	0.000602954476936991
cliente_edad_min6_lag1_lag2	0.000769200174416394	0.00351458796074086	0.00331624962315345
cliente_edad_ratioavg6_delta1_lag2	0.000759453308058477	0.00383184854079809	0.00301477238468496
ccallcenter_trx_tend6	0.000744988926470935	0.00363052664556947	0.00211034066927947
Master_mpagominimo_max6_lag1_lag2	0.000733804219574616	0.000218642401338158	0.000602954476936991
thomebanking_ratioavg6	0.000733626372994841	0.00118343626231305	0.00150738619234248
cliente_antiguedad_ratioavg6_delta1_delta2	0.000731768643769679	0.00280464288123938	0.00391920410009044
ccaja_seguridad	0.000731099723142864	0.00130936141468096	0.000602954476936991
mcuenta_corriente_min6	0.000725864834019458	0.000810404014936799	0.00241181790774797
Visa_fechaalta_tend6	0.000719140438660331	0.00314964888290345	0.00241181790774797
Visa_mpagominimo	0.000711036346451868	0.00332127951724053	0.00241181790774797
mcuentas_saldo_ratiomax6	0.000706918429911095	0.00195945834791505	0.00301477238468496
chomebanking_trx_delta1	0.000704844266068899	0.00339047820033129	0.00150738619234248
Master_fechaalta_ratioavg6	0.000704152593638265	0.00103955104958281	0.00150738619234248
mactivos_margen_lag1	0.000698283340889256	0.000249639947261595	0.00180886343081097
mactivos_margen_delta1	0.000696605623572592	0.0035303666519237	0.00150738619234248
Master_mfinanciacion_limite_lag1	0.000696334059760536	0.00187104042540902	0.00301477238468496
cliente_edad_min6	0.000688242244317561	0.00328217068409404	0.00452215857702744
mcuentas_saldo_tend6_delta1_delta2	0.000683081843530474	0.000633097110135156	0.00271329514621646
Visa_mpagominimo_ratioavg6	0.000680878052445662	0.00023571650694237	0.00120590895387398
thomebanking_avg6	0.000680579519851385	0.000434715715054629	0.00180886343081097
mvr_mpagospesos	0.000678204987412667	0.00453917380316209	0.00301477238468496
mcaja_ahorro_lag1	0.000677856405191501	0.000777500488633943	0.00241181790774797
mpasivos_margen_max6_lag1	0.000677650328506244	0.00269729560226552	0.00211034066927947
mcuenta_debitos_automaticos_ratiomax6	0.000674508946942542	0.00356321220163707	0.00180886343081097
mv_fechaalta_lag2	0.000674060259469456	0.000690446827749306	0.00271329514621646
Visa_msaldototal_avg6_delta1_lag2	0.00067239965798954	5.80345660774772e-05	0.000301477238468496
chomebanking_trx_tend6_delta2	0.000669855876305772	0.00166459303731598	0.00211034066927947
mcomisiones_max6	0.00066918180070563	0.000923460176206799	0.00271329514621646
mv_status06_delta2	0.000665189001948316	0.00122083840960649	0.000904431715405487
mrentabilidad_max6	0.000660768626030616	0.000383520574768313	0.00120590895387398
ccaja_ahorro_tend6_delta1	0.000657672657816818	0.00592406965510379	0.000904431715405487
Master_mlimitecompra_ratioavg6	0.000657008735640425	0.00590470185067796	0.000904431715405487
mcaja_ahorro_max6	0.000654311201621672	0.00241086045013169	0.00241181790774797
mcaja_ahorro_dolares_ratioavg6	0.000652453322442997	0.00237346736168036	0.00211034066927947
mrentabilidad_annual_max6_delta2	0.000649480760828859	0.00110694702309418	0.00211034066927947
cproductos_ratioavg6_delta1	0.000647281208430004	0.00195714834317764	0.00120590895387398
ccomisiones_mantenimiento_ratioavg6	0.000633025992284454	0.00245069942595205	0.00150738619234248
mrentabilidad_max6_lag1_lag2	0.000620486510526977	0.00148106814329175	0.00361772686162195
cproductos_avg6	0.0006170098788947	0.00295828265515097	0.00361772686162195
mcuentas_saldo_delta2	0.000610338239466335	3.00681087232084e-05	0.000301477238468496
Visa_mfinanciacion_limite_ratioavg6	0.000599181570163749	0.00540095957053262	0.00120590895387398
ccaja_ahorro_ratioavg6_delta1_delta2	0.000595311629319052	0.00637204026793011	0.00150738619234248
Visa_mpagado_ratioavg6	0.000592459133054686	0.00250215183735422	0.00211034066927947
mtarjeta_master_consumo	0.000592047845701412	0.00150863057628802	0.000301477238468496
ccomisiones_otras_ratioavg6_lag1	0.000587130588394158	0.00110693796425207	0.00361772686162195
ctarjeta_visa_debitos_automaticos_avg6_lag1_delta2	0.000587115779270873	0.000722495199357214	0.000904431715405487
mrentabilidad_avg6_lag1	0.000584329849798597	0.0004634829740512	0.000602954476936991
mcomisiones_otras_ratioavg6	0.000582064885678138	0.00110722965896793	0.00241181790774797
ctarjeta_visa_trx_min6_delta1	0.000578516150398832	0.000183023034171474	0.000301477238468496
mcomisiones_ratioavg6	0.000574654660648483	0.000448168095584264	0.00180886343081097
Master_Fvencimiento_tend6	0.000570474387439004	0.000733313268601988	0.00271329514621646
mtarjeta_visa_debitos_automaticos_tend6	0.000558246260586451	0.000945710504191236	0.00120590895387398
ccallcenter_trx_ratiomax6	0.000553588070393946	0.0032491077221701	0.000904431715405487
Master_fultimo_cierre_avg6	0.000548662993796477	0.000648816012960087	0.00271329514621646
cliente_edad_avg6_lag1_lag2	0.000548430281939863	0.00251478529855733	0.00301477238468496
mcomisiones_mantenimiento_max6_delta2	0.000544846298159431	0.00532841636293577	0.00241181790774797
Visa_delinquency_tend6	0.000539830100096392	0.001149117744873	0.000904431715405487
ctarjeta_debito_trx_ratioavg6	0.000534053797103305	0.000468680937652483	0.00180886343081097
ccomisiones_mantenimiento_ratioavg6_delta1	0.000534033236620152	0.00639560231625172	0.00120590895387398
mcomisiones_mantenimiento_max6	0.000523576400646798	0.00126991740437649	0.00180886343081097
mcuentas_saldo_lag1	0.000522590766776205	0.000629312325902643	0.00211034066927947
mcuentas_saldo_lag2	0.000522485215212705	0.00127843090418912	0.00241181790774797
mtarjeta_visa_consumo_ratioavg6	0.000522405463079652	0.000402824967299392	0.000602954476936991
mrentabilidad_annual_ratiomax6_lag2	0.000520375925402825	0.000454074460638353	0.00150738619234248
ccallcenter_trx_ratioavg6	0.000518019209155165	0.00161636557370408	0.00120590895387398
mv_status07	0.000514538736142333	0.00204661709136813	0.000904431715405487
mcaja_ahorro_dolares_ratioavg6_delta1_delta2	0.000512710732559018	0.000628797783670937	0.00150738619234248
internet_ratioavg6	0.000511706530730423	0.00117415094915286	0.00180886343081097
mcuenta_corriente_avg6_lag1_delta2	0.000509032486572397	0.00102280849759973	0.000904431715405487
mvr_Master_mlimitecompra	0.00050613540641527	0.000607793952360492	0.00211034066927947
Visa_fechaalta_ratioavg6_lag1_lag2	0.000505031534342754	0.000498689258017782	0.00180886343081097
Visa_mpagominimo_tend6_lag1_lag2	0.000504552666226019	0.000710048350301511	0.00120590895387398
mrentabilidad_annual_ratioavg6_lag2	0.000504386278950869	0.000463780104072326	0.00211034066927947
mpayroll_min6_lag2	0.000503666879116053	0.00191242846322976	0.000602954476936991
internet_avg6	0.000502469707396086	0.000970970179523785	0.00241181790774797
Visa_mpagospesos_max6_lag2	0.000502042607801934	0.000512366297831683	0.00180886343081097
ctrx_quarter_max6_lag1_lag2	0.000498288638147674	0.0021307827933889	0.00241181790774797
Visa_Fvencimiento_max6_lag2	0.000495490533878299	0.000635677068367371	0.00241181790774797
Visa_mfinanciacion_limite	0.000487869181443455	0.000726057136073882	0.00241181790774797
ctransferencias_emitidas_max6	0.000487365637833552	0.00140508982276774	0.000904431715405487
ccaja_ahorro_avg6_delta1	0.000483596164128586	0.0027141396132802	0.000602954476936991
Visa_fultimo_cierre_avg6	0.000483330384237733	0.000916383408752421	0.00241181790774797
mcuenta_corriente_delta2	0.000481759610053166	0.00182512477830296	0.00150738619234248
Visa_fechaalta_tend6_delta1	0.000476420422977625	0.000328531591407377	0.000602954476936991
mactivos_margen_tend6	0.000473356138655738	0.00129624421130931	0.00120590895387398
mprestamos_personales_ratioavg6_delta1_delta2	0.000467892250810316	0.00134747739873247	0.00120590895387398
mrentabilidad_annual_min6	0.000467625487224421	0.000335197087430074	0.00180886343081097
ctrx_quarter	0.000465255655614105	0.00180255195553949	0.00271329514621646
ctransferencias_recibidas_avg6_lag2	0.000464959971279692	0.00118418271090271	0.00120590895387398
Visa_status_tend6_delta1	0.000457891748796692	0.000111642981901231	0.000602954476936991
mtransferencias_emitidas_max6	0.000454950180717055	0.00256317400955875	0.00150738619234248
mcuenta_corriente_delta1	0.000452563928483037	0.00183559317624238	0.000904431715405487
mcuenta_corriente_ratioavg6_delta1_lag2	0.00044753546707892	0.000804176966872104	0.00241181790774797
mcaja_ahorro_ratiomax6_delta1	0.000447038777344236	0.00140449193918865	0.00211034066927947
mcuenta_corriente_avg6_delta1_lag2	0.000443307826553861	0.00336124350508197	0.00120590895387398
mrentabilidad_annual_delta1	0.000442403738831583	0.000338940200988892	0.00180886343081097
mcaja_ahorro_min6_delta1	0.000441489985534319	0.00254817437879715	0.000602954476936991
Master_mpagominimo_max6_delta1	0.000439102242619573	0.00731032070982478	0.00241181790774797
mtransferencias_emitidas_avg6	0.000435133150512921	0.00213772911351693	0.00180886343081097
mcuenta_debitos_automaticos	0.000433982744866355	0.0011327103700479	0.000602954476936991
mpasivos_margen_ratioavg6	0.000433649569297519	0.000183747741540074	0.00120590895387398
ctrx_quarter_max6_lag1_delta2	0.00043317855988735	0.00145378291086397	0.00120590895387398
cplazo_fijo_ratiomax6	0.000431609272670377	0.00488557486651071	0.000904431715405487
ctrx_quarter_tend6_delta1_lag2	0.000425713573548623	0.000727080785232029	0.00211034066927947
ccajas_consultas_ratioavg6	0.000425676410212548	0.00308679682459321	0.00120590895387398
Master_fechaalta_ratioavg6_lag2	0.00042009971391049	0.000281267988595715	0.00120590895387398
mvr_msaldopesos2_lag1_lag2	0.000419601988354066	0.000787456156110084	0.00211034066927947
Visa_msaldototal_min6	0.000419597371356818	0.00229077643915469	0.000904431715405487
Master_mlimitecompra	0.000418578346694902	0.00091096984470898	0.00271329514621646
mv_fechaalta_lag1_lag2	0.00041413694301034	0.000476864695612397	0.00211034066927947
mcaja_ahorro_dolares_min6_delta2	0.00040942421429684	0.000832469542542243	0.000301477238468496
mrentabilidad_annual_ratiomax6_lag1_lag2	0.000406964244344746	0.000278336547289729	0.00120590895387398
ctrx_quarter_normalizado_delta2	0.0004064554135168	0.000711135411354411	0.00150738619234248
mvr_msaldototal	0.00040585117797971	0.000311419438666312	0.00120590895387398
Master_mfinanciacion_limite	0.000403038141767982	0.00119397713098934	0.00180886343081097
mrentabilidad_annual_ratioavg6_lag1_lag2	0.000402739277562224	0.00096197656107946	0.00241181790774797
Visa_delinquency_tend6_lag1	0.000401173889707832	0.000959818744889454	0.000602954476936991
cproductos_ratiomax6	0.000400815118645325	0.000939461714905484	0.00150738619234248
mrentabilidad_annual_lag1	0.000399771549592457	0.000405307090036846	0.00150738619234248
ctrx_quarter_ratioavg6_lag1_lag2	0.000397707967612617	0.000618093855836717	0.00180886343081097
Master_mpagospesos_tend6	0.00039742334042179	0.00135473171949216	0.000602954476936991
mrentabilidad_annual_lag1_delta2	0.000397322023259861	0.000344759601158749	0.00150738619234248
chomebanking_trx	0.000394447117942562	0.00128863659570743	0.000904431715405487
Master_mpagominimo_max6_lag1	0.000392528112856487	0.00018051735844454	0.000301477238468496
mvr_msaldopesos_lag1	0.000391770484872843	0.00354212865251608	0.00120590895387398
mpasivos_margen_avg6	0.000390254755909331	0.000735469273023573	0.000602954476936991
mcaja_ahorro_max6_lag1_lag2	0.000390158412634011	0.000958403753752263	0.00271329514621646
cliente_edad	0.000388894003901158	0.00142851236492089	0.00211034066927947
mcuenta_debitos_automaticos_avg6_delta2	0.00038772598100186	0.00284783544040793	0.000904431715405487
mpasivos_margen_max6_lag1_lag2	0.000386844474850461	0.00120059552103307	0.00180886343081097
ctransferencias_recibidas_tend6	0.000385158596349573	0.00143782666637582	0.00150738619234248
mcomisiones_otras_min6	0.000381741774461293	0.00101372247896591	0.00180886343081097
mcuenta_corriente_ratiomax6_delta1	0.000376235677986753	0.00101948752608312	0.00180886343081097
Master_mpagospesos_tend6_lag1	0.000375264422515832	0.00215768030737448	0.00211034066927947
mcomisiones_ratiomax6	0.00037464965310151	0.000419415330735064	0.00150738619234248
ctrx_quarter_delta1	0.00037401345490179	0.00174970267068435	0.000904431715405487
ctrx_quarter_avg6_delta1	0.000371725628154725	0.000308558656328764	0.00150738619234248
mcuenta_corriente_min6_delta1_lag2	0.000371313094330729	0.000434529102907214	0.000904431715405487
Visa_msaldopesos_ratioavg6	0.000370334887300587	0.00107054134843256	0.00150738619234248
mcomisiones_otras_ratiomax6	0.000363543566403442	0.00035256469951857	0.00211034066927947
mcuenta_corriente_avg6_lag1_lag2	0.000358509484170418	0.00031551222353048	0.00120590895387398
mtransferencias_recibidas_avg6_delta2	0.000356932197147765	0.0018160858656481	0.00120590895387398
mcomisiones_avg6_lag1_lag2	0.000354868201581856	0.000596582729368252	0.00150738619234248
mrentabilidad_annual	0.000350827465828426	0.000779665551897635	0.00150738619234248
mactivos_margen_max6_lag2	0.00035074894145761	0.000161472048797736	0.000904431715405487
mprestamos_personales_avg6_delta1	0.000349503855448773	0.00133771921401428	0.000602954476936991
Visa_msaldopesos	0.000347344920743675	0.00438332910708153	0.00211034066927947
mcaja_ahorro_ratioavg6_delta2	0.000346507214156758	0.00197996213114116	0.00150738619234248
Visa_fultimo_cierre_avg6_lag2	0.000345071062808973	0.000406752881237203	0.00241181790774797
mprestamos_personales_ratiomax6_lag1	0.000334046009846646	0.000533368317373707	0.000602954476936991
mcuenta_corriente_min6_delta1	0.000333084079484832	0.00143384983469063	0.00150738619234248
mvr_msaldopesos2_lag2	0.000330765090969708	0.000636718835209734	0.00211034066927947
mtransferencias_recibidas_avg6_lag1_delta2	0.000330183407869672	0.00084225128024992	0.000904431715405487
mrentabilidad_annual_ratioavg6_delta1	0.000330030933709865	0.000692180690128681	0.00180886343081097
mcuenta_corriente_avg6_lag2	0.000328499621862943	0.000261563195243485	0.00150738619234248
ccomisiones_otras_tend6_delta1_delta2	0.000328407060843651	0.000395947494371379	0.00211034066927947
ctrx_quarter_ratiomax6_delta2	0.000325943422314573	0.000558039167969268	0.00120590895387398
ctrx_quarter_ratiomax6_delta1_lag2	0.000325405378828605	0.000874493511078928	0.00150738619234248
mcaja_ahorro_ratiomax6	0.000324942688553693	0.000956716997351847	0.00150738619234248
mrentabilidad_avg6_lag2	0.000324457750318765	0.000290667443166455	0.000602954476936991
mcomisiones_ratiomax6_lag1	0.00032171239798139	0.00082544712814051	0.00180886343081097
Master_Fvencimiento_max6_lag2	0.000320027347795144	0.000241651860291203	0.00180886343081097
mactivos_margen_tend6_delta2	0.000319425468099145	0.000321630565489884	0.00180886343081097
mrentabilidad_annual_max6_lag1_lag2	0.000318363543593823	0.00137258669728604	0.00120590895387398
mrentabilidad_ratioavg6_lag1_lag2	0.000313673091974164	0.000575977487110536	0.00180886343081097
mpayroll_sobre_edad_delta2	0.000312945744317551	0.00155910282097416	0.000904431715405487
mpasivos_margen_ratioavg6_delta2	0.000311782671740738	0.00023996872742763	0.000904431715405487
Visa_msaldototal_ratiomax6	0.000310650401614806	0.00294086612531509	0.00180886343081097
mcomisiones_otras_ratioavg6_lag1_lag2	0.000310275769755046	0.000221771325402088	0.00180886343081097
mvr_msaldopesos2	0.000308796925356889	0.00100936698768063	0.00241181790774797
mcaja_ahorro_ratioavg6_lag1	0.00030873036313481	0.000358108710888359	0.000904431715405487
Visa_cconsumos_max6_lag1_lag2	0.000305711225959638	0.000718083543250862	0.00150738619234248
mpayroll_max6	0.000303710865523241	0.00102602076301105	0.000301477238468496
Visa_Fvencimiento_max6_lag1	0.000303443428431854	0.000440413726740245	0.00150738619234248
Visa_fultimo_cierre_ratiomax6_lag1_lag2	0.000301212681132353	0.000290587725355909	0.00180886343081097
Visa_msaldopesos_lag2	0.000300330500904212	0.000154645305385525	0.000904431715405487
ctrx_quarter_avg6_delta1_lag2	0.000299209860887097	0.000206860471293145	0.00120590895387398
mtarjeta_visa_debitos_automaticos_ratiomax6_lag2	0.000298654790679611	0.00108063471030874	0.00211034066927947
Visa_msaldototal_ratioavg6	0.000298423505809186	0.00168297886325736	0.00120590895387398
Visa_mconsumosdolares_ratiomax6_lag1_lag2	0.00029696929377471	0.00116542003712966	0.00120590895387398
ctrx_quarter_ratioavg6_delta1	0.000295941629505459	0.00177847355321776	0.00241181790774797
ctarjeta_visa_trx_tend6_lag1_lag2	0.00029524730189796	0.000507137534167235	0.00180886343081097
ccomisiones_mantenimiento_max6_delta1	0.000295007789863766	0.000266025580865638	0.000301477238468496
mv_fechaalta_lag1	0.000294563887478675	0.000527969247477638	0.00180886343081097
chomebanking_trx_tend6_delta1	0.000293058631839739	0.00144984956162089	0.000904431715405487
tcallcenter_tend6_delta2	0.000292396009831707	0.000162149650187377	0.000301477238468496
mcuenta_corriente_ratioavg6_delta1_delta2	0.000291229045532802	0.00188206503625385	0.00301477238468496
mactivos_margen_ratiomax6	0.000288867435159521	0.000437632662213243	0.00150738619234248
Visa_fechaalta_tend6_delta2	0.000287783901353334	0.000306714276075678	0.000904431715405487
mcuenta_corriente_tend6	0.000287127759622055	0.000476897307443984	0.000904431715405487
Master_fechaalta_tend6_delta2	0.000286361624561417	0.000322476661342725	0.00120590895387398
mtarjeta_visa_debitos_automaticos_tend6_delta1_delta2	0.000284216867746722	0.00145268860273738	0.000904431715405487
mcuenta_corriente_ratioavg6_lag1_delta2	0.000283755442793831	0.000284155947459585	0.00150738619234248
mactivos_margen_avg6_delta1_lag2	0.000281556208010798	0.000999023601762285	0.00180886343081097
cliente_edad_avg6	0.000281257154149549	0.00272973350408405	0.00180886343081097
Master_fultimo_cierre_avg6_delta2	0.00028049005528056	0.000361775730173474	0.00150738619234248
cliente_edad_min6_lag2	0.000280251804962362	0.00321075983176063	0.00271329514621646
ctarjeta_visa_debitos_automaticos_min6_lag1_lag2	0.000279236797912083	0.00172240294410919	0.000602954476936991
mvr_mpagominimo_delta2	0.000277342649120268	0.00216273332950205	0.00150738619234248
ctrx_quarter_ratiomax6_delta1_delta2	0.000276712990607454	0.00121193356781482	0.00211034066927947
chomebanking_trx_max6_lag1	0.000275492731187799	0.00053133007789952	0.00150738619234248
cliente_antiguedad_ratioavg6_delta1	0.000274313575596908	0.000747122567510659	0.00180886343081097
Visa_mpagominimo_tend6_lag2	0.000274224312983643	0.00040910455664831	0.00120590895387398
ctarjeta_visa_ratioavg6	0.000272247668623558	0.00168120151843587	0.000602954476936991
mactivos_margen_ratioavg6_lag1_lag2	0.000272179970753543	0.000379514754788377	0.00211034066927947
mcomisiones_ratiomax6_lag1_delta2	0.00027142599877935	0.000459080376786956	0.00180886343081097
mtransferencias_recibidas_max6_lag2	0.000270161682160797	0.00211026813955226	0.000904431715405487
Master_Fvencimiento_ratioavg6_lag2	0.000269230793604234	0.000201271165712819	0.00120590895387398
mcomisiones_mantenimiento_avg6_delta2	0.000269083808314243	0.0020691736082158	0.00120590895387398
mvr_msaldopesos	0.000267860137380769	0.00283283218610949	0.00120590895387398
cliente_edad_ratioavg6_delta2	0.000267633844105748	0.00236281416336194	0.00180886343081097
mcomisiones_mantenimiento_avg6	0.000265297047397085	0.0025004650809538	0.000904431715405487
ccomisiones_otras_avg6_lag1_lag2	0.000264676690572068	0.00192456912342223	0.00241181790774797
ccomisiones_otras_avg6_delta2	0.000264175871546085	0.000406457562984499	0.00120590895387398
Master_Fvencimiento_avg6_lag1_delta2	0.000263533492405385	0.000191442322026183	0.000904431715405487
mcuenta_corriente_tend6_lag1	0.000260828264771742	0.000140839630013698	0.000904431715405487
ctarjeta_visa_debitos_automaticos_avg6_delta1	0.000260744069159077	0.00144732033290448	0.000904431715405487
mcaja_ahorro_ratiomax6_lag2	0.000260428451147194	0.000309718188118524	0.00150738619234248
mcaja_ahorro_dolares_ratiomax6_delta1	0.000259783114494786	0.000646007771906762	0.00150738619234248
mprestamos_personales_ratioavg6_delta2	0.000259201399975918	0.000412197245343809	0.000301477238468496
mrentabilidad_annual_avg6_lag1_lag2	0.000258927805364863	0.00046571688451491	0.00271329514621646
mv_Finiciomora_lag1	0.000258622781640055	0.0019696676629702	0.000602954476936991
ctarjeta_master_trx_ratioavg6	0.000258456428639994	0.00233283664305981	0.000602954476936991
Master_Fvencimiento_avg6_delta2	0.000258227279107589	0.00147373048118468	0.00120590895387398
mcuentas_saldo_max6_lag1_delta2	0.000257934329925247	0.000329384934333903	0.000904431715405487
mactivos_margen_max6	0.000256996817136559	0.000210387984409805	0.000904431715405487
numero_de_cliente	0.000256904007051623	0.000692041183960226	0.00241181790774797
Master_Fvencimiento_max6_lag1_lag2	0.000254620177922393	0.000281489024343138	0.00211034066927947
mrentabilidad_annual_max6_delta1_delta2	0.000254173061676494	0.000585462094797087	0.000904431715405487
mactivos_margen_ratioavg6_lag2	0.000253299303980127	0.000263849646991417	0.00150738619234248
Visa_mpagospesos_avg6_delta1_lag2	0.000253274064947378	0.00104874939785877	0.000904431715405487
mrentabilidad_annual_tend6_delta1	0.000251445143934192	0.000277908969942255	0.00120590895387398
mpasivos_margen_tend6_delta1_delta2	0.000249554589456669	0.000198915866764869	0.000602954476936991
mcomisiones_otras_ratioavg6_lag1_delta2	0.000249362436454909	0.000396909543403195	0.00180886343081097
mcuentas_saldo_avg6_delta1_lag2	0.000248462909604422	0.000131853258643059	0.000602954476936991
mcuenta_corriente_ratioavg6_delta1	0.000247757518998011	0.00146866658844658	0.00211034066927947
mactivos_margen_tend6_lag1	0.000247277268595515	0.000254020803304782	0.00120590895387398
mplazo_fijo_dolares_avg6_delta1	0.000247202514056007	0.0014525889554742	0.000602954476936991
ccomisiones_mantenimiento_delta2	0.000247116808054437	0.000763370506714667	0.000602954476936991
mrentabilidad_annual_tend6_delta1_delta2	0.00024590504200174	0.000296256748746782	0.000904431715405487
chomebanking_trx_ratioavg6	0.000245724251191853	0.000257252998168737	0.00180886343081097
cliente_edad_max6_lag2	0.000242853690813287	0.00196316522610544	0.00211034066927947
Visa_mpagominimo_avg6_delta2	0.000242368791994711	0.000406738387089831	0.000904431715405487
mcomisiones	0.000241951337410494	0.000745966659257742	0.000904431715405487
Visa_fechaalta_ratioavg6_lag1_delta2	0.000241755619799518	0.000348729185770255	0.00120590895387398
Master_fultimo_cierre_tend6_delta1	0.00024037990685798	0.0015475274325292	0.000602954476936991
Visa_mpagospesos_tend6	0.000239576766126674	0.000724607721336682	0.00120590895387398
ccomisiones_mantenimiento_tend6_delta1_delta2	0.000236106068369113	0.000272672959204121	0.000602954476936991
mvr_mconsumospesos	0.000235219705437659	0.000772920338064392	0.00120590895387398
ccomisiones_otras_avg6_delta1_delta2	0.00023496595324665	9.83427899190016e-05	0.000602954476936991
mcomisiones_ratiomax6_delta1	0.000234528106127214	0.000526599550550984	0.00120590895387398
ctarjeta_visa_trx_ratioavg6_lag2	0.00023256455599348	5.50270304977877e-05	0.000301477238468496
mcomisiones_otras_ratioavg6_lag2	0.000232396469816438	0.000115804613965415	0.000904431715405487
mtarjeta_visa_debitos_automaticos_ratiomax6_lag1_lag2	0.000231415707578439	0.00110279807340894	0.00120590895387398
mcomisiones_otras_tend6_lag2	0.000230690677489068	0.000155123612248801	0.000602954476936991
mtransferencias_recibidas_lag1	0.000230604190015478	0.000263605058254515	0.000904431715405487
mpasivos_margen_ratiomax6	0.000230219495560953	0.000140018898918758	0.00120590895387398
cliente_antiguedad_ratioavg6_lag2	0.000228728967927592	0.000253616778946787	0.000904431715405487
Visa_mpagospesos_max6_lag1_lag2	0.000228441964901873	0.000250728820082917	0.000904431715405487
Visa_fechaalta_ratioavg6_delta2	0.000227648016178081	0.000301719230537603	0.00120590895387398
cliente_edad_max6	0.000227011291570124	0.00202243360647796	0.00180886343081097
mcomisiones_mantenimiento_avg6_lag2	0.000226971656714534	0.000151527251932124	0.000904431715405487
Visa_cconsumos_avg6_delta1_lag2	0.000225025434923098	0.000958796907499728	0.00120590895387398
cliente_edad_avg6_lag2	0.000223516210228901	0.00232181927928867	0.00150738619234248
mdescubierto_preacordado	0.000223460530347456	0.000821836273676462	0.000602954476936991
cproductos_lag1	0.000222531165889832	0.000561260492222694	0.00120590895387398
Visa_Fvencimiento_max6_delta2	0.000222357841336748	0.000104336119857323	0.000602954476936991
cliente_edad_max6_lag1_lag2	0.000221585172587345	0.0004052273722263	0.00150738619234248
mcomisiones_mantenimiento_tend6	0.00022106779555168	0.00137083834075929	0.000904431715405487
mcuentas_saldo_ratiomax6_delta1	0.000220431997227993	0.000383732551673628	0.00120590895387398
ccomisiones_otras_ratioavg6_delta2	0.000220308995074379	0.000751902012606575	0.00211034066927947
Visa_msaldototal_avg6_lag1_delta2	0.000219606191523093	0.00046703404015734	0.000904431715405487
Visa_fechaalta_ratioavg6	0.000218630342601195	0.000475364551359395	0.00120590895387398
mrentabilidad_annual_lag2	0.000217162969521796	0.000278041229037024	0.00120590895387398
mtransferencias_recibidas_max6_lag1	0.00021701229623227	0.000284059923733246	0.00120590895387398
Visa_Fvencimiento_tend6	0.000215464814826671	0.000508740949220262	0.000904431715405487
mrentabilidad_annual_ratiomax6	0.00021345192798789	0.000146861948246763	0.00120590895387398
mcaja_ahorro_ratiomax6_lag1	0.000211875278481884	0.000500113307997081	0.00120590895387398
mrentabilidad_min6	0.00021144224015738	0.000297209738936491	0.00120590895387398
mcomisiones_mantenimiento_max6_lag1_lag2	0.000210307972365034	0.000209422311841146	0.000904431715405487
mactivos_margen_tend6_delta1_delta2	0.000209771768308821	0.000563351272981105	0.000904431715405487
chomebanking_trx_ratiomax6_delta2	0.000209659961898682	0.000303942270390783	0.00120590895387398
ctransferencias_recibidas_ratiomax6_lag1_lag2	0.000208899014872551	0.000129753419042541	0.000904431715405487
mtarjeta_visa_debitos_automaticos_max6_lag1_lag2	0.000208052456744001	0.000792541790069233	0.000904431715405487
mprestamos_personales_ratioavg6_lag1	0.000207282665673912	5.39925107291114e-05	0.000301477238468496
thomebanking_avg6_delta1	0.000206711121716338	0.000480281690855345	0.000602954476936991
mactivos_margen_lag2	0.000205486303709898	0.000234368551236775	0.000904431715405487
ctrx_quarter_ratioavg6_lag2	0.000204912178266901	0.00122704371645013	0.000904431715405487
chomebanking_trx_lag1_delta2	0.000204338714333113	0.000226909500645461	0.000904431715405487
mcomisiones_mantenimiento_avg6_delta1_lag2	0.00020374851601575	0.000404694712310379	0.00150738619234248
cpayroll_trx_min6_delta2	0.00020315617350597	0.00225124727573441	0.000602954476936991
Visa_cconsumos_avg6_lag1_delta2	0.000202440502800794	0.000208931322598919	0.000904431715405487
Visa_mpagominimo_max6_delta1_delta2	0.000202285266354472	0.00020070408219689	0.000301477238468496
mpasivos_margen_ratiomax6_delta1	0.000202251114656182	0.000257856317053096	0.00120590895387398
chomebanking_trx_max6	0.000202192894990671	0.000224365777781675	0.000602954476936991
mtransferencias_emitidas_avg6_delta2	0.000202185130540598	0.00146728783267782	0.00150738619234248
mcuenta_corriente_ratiomax6_lag2	0.000201984660117335	0.000386700228348045	0.00120590895387398
mrentabilidad_annual_avg6_delta1_lag2	0.000201442072897121	0.000442268977603861	0.00120590895387398
mpasivos_margen_tend6_delta1_lag2	0.000201353198734861	0.00013783390620243	0.000904431715405487
mtransferencias_recibidas_ratioavg6_delta1_delta2	0.000200329014529606	0.000241820354754403	0.00180886343081097
mvr_msaldopesos_delta2	0.000200113978336188	0.000438107345539676	0.00120590895387398
mextraccion_autoservicio_tend6_lag1_delta2	0.000199484296973315	0.000515102068148147	0.000904431715405487
Visa_fechaalta_delta2	0.000198551914022888	0.000530563699857225	0.000301477238468496
ctransferencias_recibidas_tend6_lag2	0.000198410069996188	0.000731372864622562	0.00120590895387398
mcuenta_corriente_ratiomax6	0.000198353980527434	0.000887710361713768	0.00180886343081097
mcuentas_saldo_delta1	0.000197841843867191	0.000146535829930893	0.000602954476936991
mpasivos_margen_ratiomax6_lag1_lag2	0.000196674028760618	0.000400248632604019	0.00150738619234248
mcaja_ahorro_ratiomax6_delta1_lag2	0.000196280170289902	0.000224885755318646	0.00120590895387398
ctransferencias_emitidas_max6_lag2	0.000196181222679099	0.000844043119218783	0.000904431715405487
Master_msaldopesos_ratioavg6_lag2	0.000195064071866005	0.000601458198190507	0.000602954476936991
Visa_cconsumos_avg6_delta1	0.000193799869497747	0.00025895968402179	0.000602954476936991
mcaja_ahorro_dolares_ratioavg6_lag2	0.000191457962373373	0.000677936566798851	0.00120590895387398
cmobile_app_trx_ratioavg6_lag1_lag2	0.000191339939533256	0.000213846650326448	0.00120590895387398
mrentabilidad_avg6_delta2	0.000190830074740137	0.000673515851850392	0.00120590895387398
cliente_antiguedad_ratioavg6	0.000190766854339198	0.000313606243151062	0.00120590895387398
Visa_mconsumospesos_avg6_delta2	0.000190581968798725	0.000347477253790999	0.000904431715405487
chomebanking_trx_max6_lag1_lag2	0.000190510288163414	0.00068741936271698	0.00120590895387398
ctransferencias_recibidas_ratioavg6_delta1_lag2	0.000190355953151922	0.00100722910094326	0.00120590895387398
mrentabilidad_annual_lag1_lag2	0.000190311691444996	0.000484966923993343	0.00120590895387398
chomebanking_trx_ratiomax6_delta1	0.000190302983001857	0.00064298393041128	0.00211034066927947
mcuenta_corriente_delta1_delta2	0.000189416014829463	0.000260876535011736	0.000904431715405487
Visa_cconsumos_ratiomax6_lag1_lag2	0.000189301867359365	0.000362317448931502	0.00120590895387398
mpasivos_margen_min6_lag1_lag2	0.000188529823273452	0.00028900605152394	0.000602954476936991
ctransferencias_recibidas_ratioavg6	0.000188486054913582	0.00047355821824316	0.00180886343081097
mpayroll_min6_delta1_delta2	0.000186588858138105	0.00117666387195348	0.000602954476936991
Visa_cconsumos_delta2	0.000186333512155477	0.00152376427791281	0.000301477238468496
ctarjeta_visa_trx_ratioavg6_lag1	0.000185827817498138	0.0011422330248713	0.000602954476936991
mcuentas_saldo_ratiomax6_lag2	0.000185340591401045	0.000421424581914507	0.00150738619234248
mv_Fvencimiento	0.000185292448611585	0.000614836296214861	0.00150738619234248
mactivos_margen_ratioavg6_delta1	0.000184921894916118	0.000256283702063235	0.00120590895387398
chomebanking_trx_ratiomax6	0.000184389666770184	0.000263976470780922	0.000301477238468496
cmobile_app_trx_ratiomax6_delta2	0.000184263863467102	0.000522253118107807	0.000904431715405487
mv_mfinanciacion_limite	0.000183449994650913	0.000335726123809152	0.000904431715405487
Visa_msaldototal_ratiomax6_lag1	0.000181292118474801	0.000661645145152726	0.00120590895387398
ctarjeta_visa_trx_ratiomax6_delta2	0.000180724480734826	9.10033160435065e-05	0.000602954476936991
ctarjeta_visa_trx_tend6_lag1	0.000179718255533499	0.00135081829970172	0.000301477238468496
mcaja_ahorro_ratiomax6_delta2	0.000178726640659944	0.000250196160166996	0.00120590895387398
mpayroll_min6_delta1	0.000177754964747936	0.00334984566994232	0.000904431715405487
Master_msaldopesos_max6	0.000177364147620083	0.000649455567212876	0.000904431715405487
mcaja_ahorro_delta1	0.000177192640789198	0.000826153717824895	0.00150738619234248
Visa_cconsumos_avg6_lag2	0.000176982323132978	0.000365629361606004	0.000602954476936991
mcuenta_corriente_ratiomax6_lag1	0.000176734814720611	0.00108816260810007	0.00120590895387398
Visa_msaldopesos_ratioavg6_lag1_delta2	0.000176195772687062	0.000127979697757893	0.000602954476936991
mcuentas_saldo_max6_lag1_lag2	0.000175494586634333	0.000519615183286103	0.000602954476936991
Master_msaldopesos_ratioavg6	0.00017547256831741	0.000287221459628763	0.000602954476936991
ccomisiones_otras_ratioavg6	0.000175220259107632	0.000820660435970908	0.00150738619234248
mtransferencias_emitidas_tend6_delta2	0.000174959367415666	0.000581468957196101	0.000904431715405487
ccomisiones_otras_avg6	0.000174882816290264	0.000257840011137303	0.00120590895387398
Visa_msaldopesos_tend6	0.000174735745312551	0.000168782534378487	0.00120590895387398
mcomisiones_mantenimiento_avg6_lag1	0.000174417932980932	0.0005135222060846	0.000602954476936991
mpayroll_avg6_lag1_lag2	0.000174010557557772	0.000758100072376525	0.000602954476936991
mcaja_ahorro_avg6_delta1_lag2	0.000173129696920543	0.000650841570055323	0.000904431715405487
Visa_mpagominimo_max6_lag1_lag2	0.000172511393744585	0.000188927587457142	0.00150738619234248
mcomisiones_otras_min6_lag1_lag2	0.000172067185168703	0.000606132560717976	0.00150738619234248
mcaja_ahorro_min6_lag1	0.000170802011672935	0.000934531893030583	0.000602954476936991
ctrx_quarter_max6_delta1_delta2	0.000170483911430572	0.000449872969668895	0.000602954476936991
mcaja_ahorro_dolares_avg6_delta2	0.000169059580418345	0.000524086627750364	0.000301477238468496
mrentabilidad_annual_ratioavg6_delta1_delta2	0.000168673706900772	7.63950272609547e-05	0.000602954476936991
ctrx_quarter_max6_delta1_lag2	0.000168231229216864	0.000538064421122234	0.000904431715405487
mcaja_ahorro_dolares_ratioavg6_lag1_delta2	0.000166960144410814	0.000353624584045147	0.00120590895387398
mtransferencias_emitidas_delta2	0.000166241345532552	0.00129002803385514	0.000602954476936991
mcuentas_saldo_ratioavg6_delta1_lag2	0.000165850952273294	6.39354958263016e-05	0.000602954476936991
Visa_mpagominimo_max6_delta2	0.000165645269751557	0.000992869024434451	0.00120590895387398
Visa_mpagospesos_tend6_lag1_lag2	0.000163906958362618	0.000179946651391768	0.000904431715405487
mcomisiones_mantenimiento_tend6_lag1_lag2	0.000163890489718089	0.00140287765352509	0.00180886343081097
mcomisiones_mantenimiento_max6_delta1	0.000162392915733465	0.000912276129740882	0.000602954476936991
ctrx_quarter_min6_lag1_lag2	0.00016034055656014	0.00129019471654992	0.00180886343081097
mrentabilidad_annual_ratioavg6	0.000160050599593033	0.000339018107031017	0.00120590895387398
mcaja_ahorro_avg6_delta1	0.000159664778630596	0.000151592475595298	0.000904431715405487
mvr_mpagominimo_delta1	0.000158992187141791	0.000341348041221065	0.00120590895387398
mprestamos_personales_avg6_delta1_delta2	0.00015898607132348	0.00127000436926073	0.000904431715405487
mcomisiones_mantenimiento_ratioavg6_delta1	0.000158670643395526	0.000253576920041514	0.00120590895387398
mcomisiones_mantenimiento_ratioavg6_delta1_lag2	0.000158248934130309	0.000230183366183111	0.000904431715405487
mrentabilidad_ratioavg6_delta1	0.000157968627885652	9.70781755607949e-05	0.000904431715405487
mcomisiones_otras_min6_lag1_delta2	0.000157927123038352	0.00041715062020819	0.00120590895387398
cplazo_fijo_ratioavg6	0.000157823109569453	0.00276109159192337	0.000301477238468496
mactivos_margen_lag1_lag2	0.000157813840442991	0.000295419711736049	0.00120590895387398
mrentabilidad_annual_delta1_delta2	0.00015437997126814	0.00137131845939099	0.000602954476936991
Visa_msaldototal_avg6_lag1_lag2	0.000154050836732251	0.000237742064037607	0.00120590895387398
ctarjeta_visa_trx_tend6_delta1_lag2	0.000153275065801702	0.00054095962705979	0.000602954476936991
Visa_fultimo_cierre_tend6_delta1_lag2	0.000152278762096025	0.000569250390961508	0.000301477238468496
ctrx_quarter_ratiomax6_lag1_lag2	0.000152004965833198	0.00105152865061735	0.000904431715405487
ctarjeta_visa_debitos_automaticos_max6_lag1_lag2	0.000151231214847872	0.00221760635968401	0.000301477238468496
mrentabilidad_ratiomax6_lag2	0.000151038744230291	0.0001791150496863	0.000602954476936991
mtransferencias_recibidas_avg6_lag2	0.000150924394929906	0.000125742163757341	0.000602954476936991
cmobile_app_trx_ratioavg6	0.000150825209285753	0.000277711487184311	0.00120590895387398
mrentabilidad_annual_tend6_lag1_delta2	0.000149637427797562	0.000413157482607204	0.00150738619234248
mrentabilidad_max6_lag2	0.000149474293228321	0.000933568032230346	0.000904431715405487
mcaja_ahorro_ratioavg6_lag1_lag2	0.000148633077443582	0.000141452007740165	0.00120590895387398
mcomisiones_tend6_lag1	0.000148569249231072	0.000179484650444285	0.000904431715405487
ccaja_ahorro_avg6_delta2	0.000148444646716445	0.00280703079201891	0.00120590895387398
Visa_Finiciomora_max6	0.000147729315334647	0.00272111492170298	0.000301477238468496
Master_mlimitecompra_ratioavg6_delta1	0.000146761322852161	0.00298458953263115	0.000301477238468496
ccomisiones_otras_tend6_lag1_delta2	0.000146478080374914	0.000337175538546352	0.000904431715405487
mcuentas_saldo_tend6_delta2	0.00014564321005158	6.68796195112385e-05	0.000602954476936991
mactivos_margen_max6_delta2	0.000145598995187274	0.000245050737849937	0.000904431715405487
mvr_msaldopesos_lag2	0.000144716105464799	0.000295129828788609	0.000602954476936991
cprestamos_personales_avg6_lag1_delta2	0.000144311961039991	0.000942398591516735	0.000301477238468496
Visa_mpagospesos_ratiomax6_lag1_lag2	0.00014349449446415	0.000282693850343435	0.00120590895387398
ctrx_quarter_tend6_lag1_lag2	0.000141705838682559	0.000219131578811963	0.000602954476936991
ccomisiones_otras_tend6_lag2	0.000141532703784965	0.000542090170554806	0.000602954476936991
Visa_Fvencimiento_avg6_delta1	0.000141450267055597	0.00114231636621869	0.00120590895387398
mtarjeta_visa_debitos_automaticos_tend6_lag2	0.000140881778722172	0.000340509192441911	0.000602954476936991
Visa_Fvencimiento_tend6_lag1_lag2	0.0001408637348874	0.000484149816435247	0.000904431715405487
ctarjeta_visa_debitos_automaticos_avg6_delta1_delta2	0.000139762112117573	8.50081743367641e-05	0.000301477238468496
Visa_fechaalta_ratioavg6_delta1_lag2	0.000139333767195202	0.000243072286733659	0.000602954476936991
mv_mpagominimo_lag1	0.000139134019976309	0.00016900357012591	0.000602954476936991
ccomisiones_otras_min6	0.000138496681558641	0.000175567607117003	0.000904431715405487
mrentabilidad_annual_ratiomax6_delta1	0.00013827844178694	0.000127354637652476	0.000904431715405487
mcuenta_corriente_ratioavg6_lag2	0.000137996568028231	0.000206037928429785	0.000904431715405487
mactivos_margen_ratioavg6_delta1_delta2	0.000137894581359572	0.000200618929081079	0.000602954476936991
mcaja_ahorro_ratiomax6_lag1_lag2	0.000137301633180413	0.00014154259616124	0.000904431715405487
mrentabilidad_annual_avg6_delta1_delta2	0.000137027252527325	6.30495410681882e-05	0.000301477238468496
mcaja_ahorro_ratioavg6_delta1_lag2	0.000136847446554985	0.000136913527844308	0.000904431715405487
mv_fultimo_cierre	0.000136666500364697	0.000238599030500976	0.000904431715405487
mcuentas_saldo_tend6_delta1	0.000135410537727741	0.000480109572855303	0.00120590895387398
Master_fechaalta_ratioavg6_delta2	0.000132679059946236	0.000511567307957802	0.00150738619234248
Visa_mfinanciacion_limite_lag2	0.000132040856653832	0.000777429829665505	0.000904431715405487
internet_tend6	0.000131851284566244	0.000147983432899671	0.000301477238468496
mpasivos_margen_ratiomax6_lag1	0.000131598067066618	0.00012882217007389	0.00120590895387398
mtarjeta_visa_debitos_automaticos_ratiomax6_lag1	0.000131162407840337	0.000286857294176041	0.00150738619234248
cprestamos_personales_avg6_lag2	0.000131114333601054	0.000860345411475437	0.000301477238468496
Visa_delinquency_tend6_delta1_delta2	0.000131106377210485	0.000495339298206429	0.000602954476936991
cliente_edad_lag1_lag2	0.000131011106531219	0.00266398986337309	0.00120590895387398
mcaja_ahorro_ratioavg6_delta1	0.000129642241395353	0.00019602971966942	0.00120590895387398
mv_mpagominimo_lag1_lag2	0.000129615165217855	0.000381770406473144	0.000602954476936991
ctrx_quarter_min6_delta2	0.000129386543521815	0.000130599514895382	0.000904431715405487
Visa_msaldototal_ratiomax6_lag1_lag2	0.000129132066983934	0.000246230199092333	0.00120590895387398
mcomisiones_tend6_delta2	0.00012908171802127	0.000223117469339262	0.000904431715405487
Visa_fultimo_cierre_ratioavg6_delta1_delta2	0.000128715356740391	0.000198540830701619	0.00120590895387398
mpasivos_margen_tend6_delta2	0.000128527212210243	0.000179832509981213	0.00120590895387398
mcomisiones_otras_delta1_lag2	0.000128468785180446	0.000125734916683655	0.000904431715405487
mrentabilidad_tend6_delta2	0.000127517560642559	0.000193172560868715	0.000301477238468496
Visa_Fvencimiento_tend6_delta2	0.00012717012206685	0.000777614630044498	0.000904431715405487
mrentabilidad_avg6_delta1_lag2	0.000127067693249547	0.000143107964077415	0.000602954476936991
mtarjeta_visa_debitos_automaticos_max6_delta2	0.000126468479012939	0.000977309557230612	0.000904431715405487
ccomisiones_otras	0.000125735100654486	6.99704964383169e-05	0.000602954476936991
mprestamos_personales_avg6_lag1_lag2	0.000125479902054738	4.87383823067624e-05	0.000301477238468496
mrentabilidad_annual_tend6_delta2	0.000124831453938349	0.00037718663236675	0.000904431715405487
Visa_mpagospesos_ratiomax6_lag1	0.000124598767216799	0.000187576008214703	0.000602954476936991
Master_fechaalta_ratioavg6_lag1_lag2	0.00012388355922532	0.000240291222206657	0.00120590895387398
ccomisiones_mantenimiento_delta1	0.00012379390359104	0.00140288490059878	0.000904431715405487
chomebanking_trx_avg6_lag1_lag2	0.000122372199193103	0.000208732028072555	0.000904431715405487
cprestamos_personales_ratioavg6	0.000121821205436156	0.00162279191629514	0.000301477238468496
mtarjeta_visa_debitos_automaticos_ratioavg6	0.000121752657543944	0.000540263907985935	0.000904431715405487
mcuentas_saldo_ratioavg6_lag1_delta2	0.000121583699637148	0.000136487762265256	0.000904431715405487
mcomisiones_ratioavg6_delta1	0.000121583345461233	6.1391772962516e-05	0.000602954476936991
Visa_mlimitecompra_ratioavg6	0.000121180608600064	0.000908802969676867	0.000301477238468496
Visa_mpagominimo_avg6_lag1_delta2	0.000120046027761909	0.000602257188064389	0.000904431715405487
mcomisiones_mantenimiento_ratioavg6_delta1_delta2	0.000119385666767222	0.000572404679783339	0.00120590895387398
ctrx_quarter_ratioavg6_lag1	0.00011923444164877	0.000507304216862013	0.000602954476936991
mrentabilidad_annual_ratiomax6_lag1	0.000118711833377706	0.000109994272637666	0.000602954476936991
mpayroll_max6_delta2	0.000117687813692877	0.000155232318354091	0.000602954476936991
mautoservicio_ratioavg6_delta1	0.000116365772112592	0.000118565749039781	0.000904431715405487
mtransferencias_emitidas_ratiomax6	0.000115648552173411	0.000319432890394605	0.000602954476936991
mpasivos_margen_avg6_delta1_lag2	0.000115534448689677	0.000179702062654865	0.000904431715405487
mpayroll_sobre_edad_lag1_lag2	0.000114683669583965	0.000230587390541105	0.000301477238468496
mtarjeta_visa_debitos_automaticos_avg6_delta1	0.000113342334556302	5.67645164140059e-05	0.000301477238468496
thomebanking_tend6_delta1_delta2	0.000112826220646911	0.000840649676965314	0.000904431715405487
Master_Fvencimiento_avg6_lag1	0.000112584542052232	0.00014166398464548	0.00120590895387398
cliente_edad_avg6_lag1	0.000112419392107781	0.00133876279262506	0.00120590895387398
chomebanking_trx_tend6_lag2	0.000112145896608857	0.000325357373132909	0.000904431715405487
mactivos_margen_tend6_lag1_delta2	0.000111904388336377	0.000107591867710757	0.000904431715405487
mrentabilidad_annual_max6_delta1_lag2	0.000110973615172612	0.000346420992801264	0.000602954476936991
mtransferencias_recibidas_max6_delta2	0.000110420955360732	0.000668738218522897	0.000904431715405487
mcomisiones_mantenimiento_ratiomax6	0.000108532513656796	0.00150725363228768	0.000602954476936991
mv_msaldototal_lag1	0.000108499465616359	3.89693269780362e-05	0.000301477238468496
mcuentas_saldo_tend6_lag1_delta2	0.000108204921499894	0.000113228279270043	0.000602954476936991
ctrx_quarter_lag1_lag2	0.000108195355322664	0.000198232830069964	0.000904431715405487
cmobile_app_trx_lag1_lag2	0.000108074439665068	0.0001532864790694	0.00120590895387398
mrentabilidad_annual_tend6_lag1_lag2	0.000107884131805578	0.000255499206336725	0.000602954476936991
Visa_cconsumos_tend6_lag1	0.00010734010388914	0.000686913879327382	0.000602954476936991
mcuentas_saldo_ratiomax6_delta2	0.000106735621571412	8.21256507781582e-05	0.000602954476936991
Visa_mconsumospesos_ratiomax6_lag2	0.000105722662457677	5.82483547512141e-05	0.000301477238468496
mrentabilidad_annual_ratioavg6_delta2	0.000104733967536046	0.00010598845265773	0.000904431715405487
mactivos_margen_ratioavg6_lag1_delta2	0.000104487166618633	0.000169601453705005	0.000904431715405487
mtransferencias_recibidas_ratioavg6	0.000104164300425199	0.000320659457615961	0.00120590895387398
mcomisiones_otras_min6_lag2	0.000103864061502761	8.38939367575418e-05	0.000602954476936991
chomebanking_trx_avg6_delta1	0.000103669283029214	0.000394133914181458	0.000602954476936991
Visa_cconsumos_tend6	0.000102672755392958	0.000100929995224903	0.000602954476936991
mcuenta_corriente_min6_delta1_delta2	0.000100861575951107	0.000544934646976561	0.000904431715405487
ctransferencias_recibidas_avg6	9.97803492154151e-05	0.000952769153961399	0.000301477238468496
chomebanking_trx_avg6_delta1_lag2	9.92195682069157e-05	0.000461265369503285	0.000904431715405487
chomebanking_trx_ratioavg6_lag2	9.91916517184951e-05	0.000210148830978167	0.00120590895387398
mcaja_ahorro_max6_lag2	9.91496470261532e-05	0.000164071936482588	0.000904431715405487
Visa_fechaalta_avg6_delta1_delta2	9.87940858256948e-05	2.74374209751909e-05	0.000301477238468496
Visa_cconsumos_max6	9.84231836668264e-05	0.000198685772175339	0.000602954476936991
mrentabilidad_ratioavg6	9.77569005080795e-05	0.000290993561482325	0.000904431715405487
ctrx_quarter_ratioavg6_delta1_lag2	9.74570283290901e-05	0.000127918097631562	0.000904431715405487
Master_msaldototal_ratiomax6_lag2	9.73577631024664e-05	0.000157292299049336	0.000602954476936991
ccajas_consultas_tend6_delta1_delta2	9.72806601481374e-05	0.00131396874177684	0.00120590895387398
mactivos_margen_ratiomax6_lag2	9.68840288227531e-05	7.15467349650216e-05	0.000602954476936991
mactivos_margen_tend6_lag2	9.68296936672841e-05	0.000283847946827931	0.000602954476936991
mactivos_margen_ratiomax6_lag1_delta2	9.66372230497028e-05	7.87412673667968e-05	0.000602954476936991
ccomisiones_otras_avg6_lag1_delta2	9.63410600065524e-05	0.000118071136260711	0.000904431715405487
ccomisiones_otras_tend6_lag1_lag2	9.60739782335839e-05	0.000237680463911276	0.000904431715405487
cliente_edad_lag2	9.56418819027644e-05	0.00181973657901742	0.00120590895387398
mcaja_ahorro_ratioavg6_delta1_delta2	9.50440335284372e-05	0.000189527282804658	0.000904431715405487
mcomisiones_mantenimiento_avg6_delta1_delta2	9.50119788943185e-05	0.000582434629764761	0.00120590895387398
mtransferencias_recibidas_ratioavg6_lag1_lag2	9.44042787170222e-05	0.000555837869337146	0.000301477238468496
mrentabilidad_annual_min6_lag1_lag2	9.36729762864353e-05	0.000151110545195179	0.000602954476936991
ccajas_trx_ratioavg6	9.32834970295408e-05	8.10313426515724e-05	0.000602954476936991
Visa_mpagospesos_ratioavg6_lag2	9.27808825601655e-05	0.000160207434439529	0.000301477238468496
ctrx_quarter_tend6_delta1	9.20654620631371e-05	0.000192377194531677	0.000904431715405487
mcuenta_corriente_ratiomax6_delta2	9.20085505635076e-05	0.000542762336639183	0.000602954476936991
Visa_cconsumos_min6	9.20005439028085e-05	6.14588083941115e-05	0.000301477238468496
Visa_fultimo_cierre_avg6_delta2	9.18662540699349e-05	0.0011205751451607	0.00120590895387398
matm_other_avg6_lag1_lag2	9.1759311259166e-05	0.00126241668311148	0.000301477238468496
mtransferencias_emitidas_avg6_delta1	9.16964735967161e-05	0.00034903718640191	0.000301477238468496
mtarjeta_visa_debitos_automaticos_avg6_lag1_delta2	9.16049334038134e-05	0.000497906574059694	0.000904431715405487
Visa_cconsumos_lag1	9.09072051362735e-05	0.000386423027779555	0.000904431715405487
mcomisiones_otras_max6_lag2	9.06708441252253e-05	0.000161781861197812	0.000602954476936991
ctransferencias_emitidas_ratiomax6_delta1_lag2	9.05969527466989e-05	0.000615539262362403	0.000602954476936991
mcuenta_corriente_avg6_delta1_delta2	9.04919852878336e-05	0.000165941681493576	0.000602954476936991
mcuenta_corriente_max6_delta1_lag2	9.04256081512332e-05	0.000200376152112598	0.000301477238468496
mcaja_ahorro_min6_lag2	9.03012027183662e-05	0.000215971854684867	0.000904431715405487
Master_mfinanciacion_limite_min6_lag1_lag2	8.94862456502626e-05	0.000218256494664378	0.000904431715405487
ctarjeta_visa_debitos_automaticos_ratiomax6	8.93793130863171e-05	0.000266206757707788	0.000301477238468496
Visa_msaldopesos_avg6_delta1	8.93647964437882e-05	0.000403466333320603	0.000904431715405487
mtransferencias_emitidas_tend6	8.91959002321522e-05	0.000409276674648352	0.000301477238468496
mtransferencias_recibidas_tend6_lag1	8.88960251969055e-05	0.000331818139323977	0.000904431715405487
ccomisiones_otras_ratiomax6_delta1_delta2	8.8869866449279e-05	0.000217542657906307	0.000602954476936991
mpasivos_margen_ratioavg6_lag2	8.87786810035434e-05	7.57373553239504e-05	0.000602954476936991
mrentabilidad_tend6_lag1_delta2	8.8751338622857e-05	4.30892883685265e-05	0.000301477238468496
mcaja_ahorro_dolares_ratioavg6_delta1	8.81009555349029e-05	0.000288638262534376	0.000904431715405487
mrentabilidad_min6_lag2	8.80464851356468e-05	0.000155665331006829	0.000602954476936991
Visa_status_max6_lag1_lag2	8.67355978116981e-05	0.000930571367261185	0.000301477238468496
ctrx_quarter_tend6_lag1_delta2	8.65814330331463e-05	5.33765094658015e-05	0.000301477238468496
ctrx_quarter_min6_lag1_delta2	8.64427400295926e-05	0.000304021988201329	0.000602954476936991
mcomisiones_mantenimiento_delta2	8.60996738126866e-05	0.000423437456630793	0.000904431715405487
mtarjeta_visa_consumo_tend6	8.55053506312229e-05	0.000203106487123798	0.000301477238468496
matm_avg6	8.53679566535275e-05	0.000343946117137496	0.000602954476936991
ctransferencias_emitidas_tend6	8.52532036568643e-05	0.000505104729998312	0.000602954476936991
mcuenta_corriente_max6_lag1_lag2	8.51455444610403e-05	0.000365183666574315	0.000301477238468496
mpasivos_margen_delta2	8.49777473372457e-05	0.000113797174554394	0.000602954476936991
Visa_mpagospesos_lag1	8.47758008001669e-05	0.000111208157480071	0.000602954476936991
ccajas_trx_avg6_lag1	8.44499680978136e-05	0.000398927853424746	0.000904431715405487
ccallcenter_trx_tend6_delta1_delta2	8.40573229652345e-05	0.000165006808988082	0.000602954476936991
chomebanking_trx_min6_lag2	8.32352692400344e-05	0.000334055673324529	0.000904431715405487
ccuenta_debitos_automaticos_avg6_delta1_delta2	8.32091887538603e-05	0.00111239682250605	0.000904431715405487
mvr_msaldototal_lag1	8.30582098447947e-05	8.38250895575249e-05	0.000301477238468496
Master_fechaalta_ratioavg6_delta1_lag2	8.28738601382078e-05	5.98952522463573e-05	0.000602954476936991
mrentabilidad_annual_tend6_lag1	8.27245487122031e-05	0.000283269992701472	0.000602954476936991
mcomisiones_mantenimiento_tend6_delta2	8.16504165628216e-05	0.000727964928221721	0.000602954476936991
chomebanking_trx_ratiomax6_lag1_lag2	8.10642691324941e-05	0.000369187674785829	0.000904431715405487
ctarjeta_visa_trx_avg6_delta1_delta2	8.09739439914826e-05	0.000114621529186176	0.000602954476936991
chomebanking_trx_avg6_lag1	8.04082610740607e-05	0.000111054157164243	0.000602954476936991
ccomisiones_otras_lag1	7.9013501037344e-05	0.00036568552642707	0.000904431715405487
Visa_fultimo_cierre_tend6_lag1	7.87776225909808e-05	0.000611817890024642	0.000904431715405487
mautoservicio_ratiomax6_lag1	7.87112351718539e-05	0.000155284859638314	0.000602954476936991
cliente_edad_ratioavg6_delta1_delta2	7.85744181581501e-05	0.000345140072527264	0.000602954476936991
Visa_mpagominimo_lag1	7.84085155898784e-05	0.000122774487082925	0.000904431715405487
cpagomiscuentas_ratioavg6	7.82406130701863e-05	0.000373775072429066	0.000301477238468496
Master_fechaalta_ratioavg6_delta1_delta2	7.82026676908387e-05	0.00178297398597677	0.00120590895387398
mcuenta_corriente_min6_lag1_delta2	7.79872539001939e-05	0.000405678502563254	0.000904431715405487
mrentabilidad_annual_avg6_delta1	7.75602754113552e-05	0.00018214795002389	0.000602954476936991
mtransferencias_recibidas_ratiomax6_lag1_lag2	7.72820082488448e-05	0.000259483285095603	0.00120590895387398
mactivos_margen_ratioavg6_lag1	7.69876677835312e-05	0.000328991780586438	0.000602954476936991
mcuenta_corriente_ratioavg6_lag1_lag2	7.67691015416117e-05	0.000814415270221999	0.000904431715405487
ctrx_quarter_ratioavg6_delta2	7.55777448760525e-05	0.000103721930362434	0.000301477238468496
internet_tend6_delta2	7.51571484087128e-05	0.000383221632978765	0.000301477238468496
mcuentas_saldo_ratioavg6_lag1_lag2	7.49970517548257e-05	7.04904739752873e-05	0.000602954476936991
Visa_fechaalta_ratioavg6_delta1	7.45995207083655e-05	0.000302487420348319	0.000904431715405487
mcuenta_corriente_tend6_lag1_lag2	7.35004148725462e-05	0.000209925983462323	0.000602954476936991
mpasivos_margen_min6	7.34632461095813e-05	3.31354326608073e-05	0.000301477238468496
ccallcenter_trx_avg6_delta1	7.34467058086958e-05	0.000386109591842636	0.000602954476936991
mcuenta_corriente_tend6_lag2	7.27715428313674e-05	0.000321027246605525	0.000602954476936991
mcuenta_debitos_automaticos_avg6_delta1	7.27575723052504e-05	0.00028018636284808	0.000301477238468496
mtransferencias_recibidas_ratioavg6_delta1	7.19974550932955e-05	0.000124968538641361	0.000904431715405487
Visa_mpagospesos_ratioavg6	7.19571524447288e-05	0.000315760435804226	0.000904431715405487
mcuentas_saldo_ratioavg6_delta1	7.19187532016199e-05	0.000417357161808241	0.000602954476936991
mtransferencias_emitidas_avg6_delta1_lag2	7.12373533051306e-05	0.000255068005452408	0.000301477238468496
mcaja_ahorro_tend6_lag1_lag2	7.08660718352816e-05	0.000220425181464913	0.000904431715405487
mvr_mpagospesos_lag1	7.02145343909058e-05	0.00015276650153243	0.000602954476936991
ccallcenter_trx_avg6_lag1_delta2	7.00646768484892e-05	0.000546722862408581	0.000904431715405487
ctarjeta_visa_debitos_automaticos_ratiomax6_lag1_lag2	7.00484795841155e-05	0.000211882693357542	0.000602954476936991
mrentabilidad_tend6_delta1	7.00327987310768e-05	4.41618552740542e-05	0.000301477238468496
ccajas_consultas_avg6_lag1	6.98232979644686e-05	0.00058070620269065	0.000602954476936991
cprestamos_personales	6.97959030286463e-05	3.58259087667343e-05	0.000301477238468496
chomebanking_trx_lag1_lag2	6.97251341106922e-05	6.31057058892547e-05	0.000602954476936991
Visa_mconsumospesos_tend6_lag1	6.93196415323995e-05	9.83898958979606e-05	0.000602954476936991
Visa_Fvencimiento_ratioavg6_delta1	6.92038237229836e-05	0.000116237626618154	0.000602954476936991
mactivos_margen_ratiomax6_delta2	6.92007526750442e-05	0.000157274181365121	0.000602954476936991
cpayroll_trx_lag1	6.89282497255607e-05	0.000461995512177149	0.000301477238468496
Visa_cconsumos_avg6_delta1_delta2	6.74947335608379e-05	0.000154536599280235	0.000904431715405487
mrentabilidad_lag1	6.69472912743222e-05	6.28901054470963e-05	0.000301477238468496
chomebanking_trx_ratioavg6_delta2	6.44103817458209e-05	3.07583924917998e-05	0.000301477238468496
chomebanking_trx_ratiomax6_lag1_delta2	6.4407994771525e-05	0.000226072463634728	0.000904431715405487
mtransferencias_emitidas_ratiomax6_delta1	6.40710743636324e-05	0.000483617156519326	0.000602954476936991
mvr_msaldopesos2_delta2	6.3442197322839e-05	4.68124724747083e-05	0.000301477238468496
Master_Fvencimiento_avg6_lag2	6.25007109088775e-05	0.00030608921597026	0.000602954476936991
mtransferencias_emitidas_delta1	6.17910246341734e-05	7.87630085878548e-05	0.000301477238468496
mv_Fvencimiento_lag1	6.1489681768257e-05	0.000204907384934769	0.000602954476936991
mcomisiones_tend6_lag1_delta2	6.11880664153862e-05	4.68921902852542e-05	0.000301477238468496
Visa_Fvencimiento_avg6_delta1_delta2	6.03184023071021e-05	0.000126863648410249	0.000301477238468496
Visa_msaldopesos_avg6_delta1_lag2	5.97018300231193e-05	2.97800375441899e-05	0.000301477238468496
matm_tend6_delta1	5.94171182870733e-05	0.000352417946276428	0.000301477238468496
mcuentas_saldo_avg6_delta2	5.93230400238591e-05	8.3140241094198e-05	0.000301477238468496
Visa_msaldototal_ratiomax6_delta1_lag2	5.70800468064498e-05	0.0011884965315143	0.000904431715405487
mtarjeta_visa_debitos_automaticos_max6	5.67919664004449e-05	0.000131244504453436	0.000301477238468496
mcomisiones_ratioavg6_lag2	5.67430181464023e-05	0.000270792343582604	0.000602954476936991
Visa_cconsumos_avg6_delta2	5.67349492192923e-05	7.32733502707108e-05	0.000602954476936991
chomebanking_trx_delta2	5.57202952024256e-05	0.000121200060324641	0.000602954476936991
mextraccion_autoservicio_ratioavg6	5.54955865790015e-05	0.000417674221282003	0.000602954476936991
ctrx_quarter_avg6_delta1_delta2	5.50672987817779e-05	0.000491521902142329	0.000301477238468496
cextraccion_autoservicio_avg6_lag2	5.4820088562682e-05	3.58132263877838e-05	0.000301477238468496
mcaja_ahorro_lag1_lag2	5.44804178645542e-05	3.43511292716336e-05	0.000301477238468496
cmobile_app_trx_ratioavg6_delta1_delta2	5.4400312412463e-05	0.000319626749615706	0.000602954476936991
mcaja_ahorro_ratioavg6_lag1_delta2	5.43476635913535e-05	4.07249305784694e-05	0.000301477238468496
mcaja_ahorro_delta2	5.42236189037942e-05	0.000444220252193816	0.000602954476936991
mactivos_margen_ratioavg6_delta2	5.37638839983975e-05	0.000205720868956022	0.000602954476936991
cextraccion_autoservicio_ratioavg6_lag1	5.37217593432455e-05	7.24743603968295e-05	0.000301477238468496
Visa_mconsumosdolares_min6	5.21681803993825e-05	0.000404986407026241	0.000602954476936991
ccomisiones_mantenimiento_tend6_lag2	5.19317451256423e-05	0.000134670558538491	0.000301477238468496
mtransferencias_recibidas_ratioavg6_lag2	5.10770615160863e-05	6.85609406063902e-05	0.000301477238468496
ccomisiones_otras_ratiomax6_delta1_lag2	5.10157182474997e-05	4.79810631065756e-05	0.000301477238468496
mcuenta_corriente_ratiomax6_lag1_lag2	5.08032789632947e-05	0.000297811246052428	0.000602954476936991
ctrx_quarter_delta1_lag2	5.0662689404838e-05	5.65072452981529e-05	0.000301477238468496
mv_fultimo_cierre_lag2	5.06189406817374e-05	5.07729982441065e-05	0.000301477238468496
chomebanking_trx_min6_lag1_lag2	5.05643564606245e-05	6.22269982048274e-05	0.000301477238468496
ctarjeta_visa_trx_tend6_delta1	4.99162053950032e-05	0.000127755038473627	0.000301477238468496
Visa_msaldopesos_max6_delta2	4.9085060773801e-05	0.00220811812846061	0.00120590895387398
chomebanking_trx_min6_lag1	4.88842510271611e-05	5.49291950030268e-05	0.000301477238468496
mextraccion_autoservicio_tend6_lag1	4.86865934461703e-05	6.02014411095908e-05	0.000301477238468496
Visa_mconsumospesos_avg6_delta1_lag2	4.8647789475853e-05	0.000154087280711703	0.000301477238468496
mcomisiones_mantenimiento_max6_lag2	4.83163950691213e-05	0.000147977997594406	0.000301477238468496
mtarjeta_visa_debitos_automaticos_ratioavg6_lag1_lag2	4.80106521387047e-05	0.000379185012935664	0.000301477238468496
mcuenta_corriente_ratioavg6_delta2	4.7816047325606e-05	9.72738465503168e-05	0.000301477238468496
mvr_mpagominimo_lag2	4.77038398255235e-05	3.13435936919441e-05	0.000301477238468496
chomebanking_trx_avg6_delta1_delta2	4.71665892366058e-05	3.86432086621663e-05	0.000301477238468496
Visa_cconsumos_min6_lag1_delta2	4.70879530433129e-05	3.17349356709881e-05	0.000301477238468496
mcomisiones_ratioavg6_delta1_lag2	4.69965532800897e-05	0.000185737063266881	0.000904431715405487
Master_msaldototal_max6_delta2	4.68065779871429e-05	0.000319369478499853	0.000602954476936991
Visa_Fvencimiento_ratioavg6_lag2	4.62372116401985e-05	0.000115190424470527	0.000602954476936991
mpasivos_margen_max6_lag1_delta2	4.52083231790325e-05	0.000112141218217143	0.000602954476936991
mcuenta_corriente_min6_delta2	4.39544559639003e-05	0.000287554825018319	0.000904431715405487
mtarjeta_visa_debitos_automaticos_lag1_delta2	4.37754828048068e-05	0.000477935450749503	0.000602954476936991
Visa_mconsumosdolares_max6	4.36915821007164e-05	0.000168380321788914	0.000602954476936991
cmobile_app_trx_tend6_lag2	4.353563715975e-05	9.74640822345743e-05	0.000301477238468496
mrentabilidad_annual_ratioavg6_delta1_lag2	4.35050167952767e-05	0.000432744511012037	0.000904431715405487
Master_fultimo_cierre_avg6_lag1	4.31618261883616e-05	0.00163540001274036	0.00120590895387398
ctrx_quarter_ratioavg6_lag1_delta2	4.22988977062408e-05	0.000205652021756005	0.000904431715405487
cmobile_app_trx_delta2	4.20267603577024e-05	9.87993555612196e-05	0.000602954476936991
mcomisiones_tend6_lag1_lag2	4.19461276404981e-05	3.67426635880131e-05	0.000301477238468496
ccomisiones_mantenimiento_tend6_delta2	4.16543083935775e-05	0.000203490582029156	0.000602954476936991
cproductos_min6_delta2	4.14916125454708e-05	0.000681839115978761	0.000301477238468496
chomebanking_trx_avg6_lag1_delta2	4.10604896271678e-05	0.000257381633726663	0.000904431715405487
internet_ratioavg6_delta1_delta2	4.04636112378483e-05	0.00020993504230443	0.000301477238468496
ctransferencias_emitidas_avg6_lag1_delta2	4.00901517289311e-05	0.000171090727347478	0.000602954476936991
ccomisiones_otras_avg6_delta1	4.00688187709679e-05	0.000142298103593005	0.000602954476936991
mrentabilidad_lag1_lag2	3.99314882021865e-05	6.33394240156282e-05	0.000301477238468496
mvr_msaldopesos2_lag1_delta2	3.94727841200797e-05	0.000171753834589746	0.000904431715405487
cliente_edad_ratioavg6	3.9424317431032e-05	6.80337159957338e-05	0.000301477238468496
mcaja_ahorro_dolares_min6_lag1_lag2	3.94179239845035e-05	3.95019868939571e-05	0.000301477238468496
cforex_sell_avg6_lag1	3.93539392490881e-05	4.44372440741222e-05	0.000301477238468496
mv_msaldopesos	3.90858075159052e-05	0.00136184472231496	0.000301477238468496
mrentabilidad_delta2	3.87822410536152e-05	0.000134438652180539	0.000602954476936991
mprestamos_personales_tend6_delta1_delta2	3.86863930533259e-05	0.000609801391771513	0.000301477238468496
mpasivos_margen_min6_lag2	3.85459474502413e-05	8.08682834936374e-05	0.000602954476936991
mcuentas_saldo_delta1_lag2	3.8324498387744e-05	3.35322099451157e-05	0.000301477238468496
cmobile_app_trx_min6_lag1	3.80589350012008e-05	0.000104823485562706	0.000301477238468496
internet_avg6_delta2	3.71931416929237e-05	9.16229408436594e-05	0.000301477238468496
internet_tend6_lag1_lag2	3.71891817776864e-05	0.000338713729936205	0.000301477238468496
Visa_mpagominimo_tend6_delta1_lag2	3.70014479773509e-05	2.83759170175277e-05	0.000301477238468496
Master_fechaalta_avg6_delta1_lag2	3.6903567464307e-05	0.000521878082044556	0.000301477238468496
chomebanking_trx_max6_lag2	3.64477167833269e-05	0.000255301723578782	0.000904431715405487
mtarjeta_visa_debitos_automaticos_max6_lag2	3.4888320214424e-05	3.2263972050066e-05	0.000301477238468496
mcaja_ahorro_dolares_min6	3.43329889450135e-05	9.65328332659235e-05	0.000602954476936991
mrentabilidad_ratioavg6_lag2	3.40672330467227e-05	3.38619517978287e-05	0.000301477238468496
mextraccion_autoservicio_avg6_delta1_lag2	3.39533506373101e-05	0.000155399001048869	0.000301477238468496
mpasivos_margen_ratiomax6_delta2	3.38465860212988e-05	3.7706524388251e-05	0.000301477238468496
cliente_edad_min6_lag1	3.33719902943584e-05	0.00103942060225646	0.000602954476936991
mcaja_ahorro_dolares_max6_lag1_lag2	3.32984405242151e-05	4.8000992559212e-05	0.000301477238468496
Visa_mconsumosdolares_avg6_delta1_lag2	3.18697223006462e-05	4.72074379905952e-05	0.000301477238468496
internet_tend6_delta1	3.16330339625017e-05	0.000270770602361546	0.000602954476936991
Visa_msaldototal_tend6_delta1	3.07629534118911e-05	8.28594169888655e-05	0.000602954476936991
mcuentas_saldo_tend6_lag1	3.06702627185141e-05	0.000103615036025566	0.000602954476936991
mtransferencias_recibidas_lag1_lag2	3.05738131904196e-05	3.67607812722281e-05	0.000301477238468496
ctransferencias_emitidas_ratioavg6_lag1_delta2	3.05403355688722e-05	0.000495462498459091	0.000301477238468496
Visa_mpagospesos_tend6_delta1	2.99130466071843e-05	3.4936330471778e-05	0.000301477238468496
Visa_fultimo_cierre_ratioavg6_lag1_lag2	2.97940800596281e-05	3.9998411441448e-05	0.000301477238468496
Visa_cconsumos_lag1_delta2	2.88933855711233e-05	7.18764768177346e-05	0.000602954476936991
mcaja_ahorro_ratioavg6_lag2	2.85948723993973e-05	0.000274352468530851	0.000602954476936991
mpayroll_tend6_delta2	2.8521594544957e-05	0.000345817673916905	0.000301477238468496
Visa_cconsumos_avg6_lag1	2.80774305266897e-05	3.43873646400636e-05	0.000301477238468496
ccajas_consultas_avg6_lag1_delta2	2.77711757549499e-05	0.000173326449579608	0.000301477238468496
mpayroll_ratioavg6_delta1	2.75810998235594e-05	0.000254374098146974	0.000301477238468496
Visa_mpagospesos_max6_delta2	2.72015306372847e-05	0.000744232796878367	0.000301477238468496
mtransferencias_recibidas_lag2	2.70682119676249e-05	0.000187682902551571	0.000301477238468496
mactivos_margen_avg6_delta1_delta2	2.64119491310328e-05	9.79152125715277e-05	0.000301477238468496
ccajas_consultas_tend6_delta1_lag2	2.62841967357632e-05	0.000608036729328972	0.000301477238468496
chomebanking_trx_lag2	2.62595352382575e-05	0.000151096051047807	0.000602954476936991
cpagomiscuentas_avg6_lag1	2.58597911635761e-05	3.19614067236755e-05	0.000301477238468496
ctransferencias_emitidas_tend6_lag1_delta2	2.57897717275595e-05	0.00018997660137319	0.000301477238468496
Visa_fultimo_cierre_avg6_lag1_delta2	2.54227929238339e-05	4.04658476941949e-05	0.000301477238468496
ctransferencias_recibidas_avg6_lag1_delta2	2.51653138881907e-05	3.58077910825193e-05	0.000301477238468496
internet_avg6_lag1_delta2	2.50662017569628e-05	0.000100524159098487	0.000301477238468496
tmobile_app_avg6_delta1	2.50624874798605e-05	0.000732597620075496	0.000904431715405487
mrentabilidad_annual_ratioavg6_lag1	2.4627987894078e-05	7.14815113018477e-05	0.000301477238468496
mtarjeta_visa_debitos_automaticos_tend6_delta1	2.43014993950293e-05	0.000809206436010187	0.000602954476936991
chomebanking_trx_max6_lag1_delta2	2.42500610557992e-05	0.00137936814648771	0.000602954476936991
cpagomiscuentas_tend6_lag1_lag2	2.40002362186939e-05	0.00027356616103592	0.000602954476936991
mcuenta_corriente_max6_delta1_delta2	2.29998594899874e-05	0.000299179131210661	0.000301477238468496
Visa_cconsumos_min6_delta1_delta2	2.25375068246982e-05	0.000384872154010752	0.000301477238468496
Visa_cconsumos_avg6_lag1_lag2	2.18413557824858e-05	0.000328094955217795	0.000602954476936991
Visa_mconsumosdolares_ratioavg6_delta2	2.17812864046924e-05	0.000256903326863388	0.000301477238468496
mtarjeta_visa_debitos_automaticos_avg6_delta1_lag2	2.1262139917578e-05	0.000249511311703669	0.000301477238468496
chomebanking_trx_min6	2.08209875370965e-05	2.91875892703596e-05	0.000301477238468496
mcuentas_saldo_min6_lag2	2.06124876030756e-05	0.000352776676423885	0.000301477238468496
mpasivos_margen_tend6_lag1_delta2	2.04479603227343e-05	5.31319207288991e-05	0.000301477238468496
ctrx_quarter_ratiomax6_lag1	2.03664153169215e-05	3.09721811655367e-05	0.000301477238468496
tpaquete9_avg6	2.00310132954543e-05	0.000537439361016817	0.000602954476936991
mpasivos_margen_avg6_delta1_delta2	1.93084095967306e-05	5.20122478444123e-05	0.000301477238468496
Visa_mpagospesos_ratiomax6_delta1_delta2	1.88047405971291e-05	0.000138663696139477	0.000301477238468496
Visa_mpagado_tend6_delta1	1.81275825240179e-05	0.000470454658937131	0.000301477238468496
Visa_Fvencimiento_ratioavg6_delta1_lag2	1.78103825739823e-05	2.76765744068288e-05	0.000301477238468496
Visa_mconsumospesos_tend6_lag1_lag2	1.75999266749048e-05	5.88770383934745e-05	0.000301477238468496
cmobile_app_trx	1.67088966188848e-05	3.09268869549992e-05	0.000301477238468496
mcaja_ahorro_ratiomax6_lag1_delta2	1.59322322510268e-05	7.25758194284335e-05	0.000301477238468496
ctrx_quarter_min6_delta1	1.45678026686589e-05	0.000561677198959639	0.000602954476936991
chomebanking_trx_ratioavg6_delta1_lag2	1.40666271817537e-05	0.000353486889645113	0.000602954476936991
mtransferencias_emitidas_lag2	1.39903119832111e-05	3.04105329548718e-05	0.000301477238468496
ccallcenter_trx_delta2	1.34274647581201e-05	0.000975249576535367	0.000301477238468496
mv_Fvencimiento_delta2	1.32086148898423e-05	4.70606847484537e-05	0.000301477238468496
cliente_edad_ratioavg6_lag1_delta2	1.27646028244678e-05	0.00110534904334641	0.000301477238468496
mrentabilidad_tend6_delta1_lag2	1.21252490315895e-05	4.8424946369843e-05	0.000301477238468496
ctarjeta_visa_debitos_automaticos_tend6	1.10855507787276e-05	0.00015858952523913	0.000301477238468496
Visa_mconsumospesos_min6_delta1_delta2	1.01357697933228e-05	0.000208842545946266	0.000301477238468496
Master_Fvencimiento	9.97011600506927e-06	6.42652376790145e-05	0.000301477238468496
mcuentas_saldo_ratioavg6_delta2	9.8134685675992e-06	8.48161268840852e-05	0.000301477238468496
ctransferencias_recibidas_tend6_lag1_delta2	9.7317384763079e-06	6.70281845218015e-05	0.000301477238468496
ccajas_trx_tend6_delta1	9.32151193702687e-06	2.79030454595163e-05	0.000301477238468496
Master_fultimo_cierre_max6_delta2	9.32114862108761e-06	9.81434953926367e-05	0.000301477238468496
Visa_mpagospesos_avg6_delta1_delta2	9.07512374880608e-06	6.45986030685704e-05	0.000301477238468496
ccajas_depositos_ratioavg6_delta1_delta2	8.46388809611972e-06	0.00107107219658006	0.000301477238468496
Visa_mconsumospesos_lag2	8.42746910071815e-06	7.4909377155325e-05	0.000301477238468496
ctrx_quarter_delta2	7.59123063009716e-06	3.20302539236925e-05	0.000301477238468496
mplazo_fijo_dolares_tend6	7.45100724383709e-06	0.00021086447950466	0.000301477238468496
ccomisiones_mantenimiento_tend6_lag1_lag2	6.61568506058492e-06	0.000131161163106046	0.000301477238468496
chomebanking_trx_delta1_delta2	6.43366720252641e-06	2.74519151225629e-05	0.000301477238468496
mextraccion_autoservicio_tend6	6.14490357975527e-06	4.40332197161278e-05	0.000301477238468496
chomebanking_trx_lag1	5.64131741161788e-06	2.92310717124755e-05	0.000301477238468496
Visa_mconsumosdolares_ratioavg6_delta1_lag2	5.31347276156319e-06	0.000114960329880997	0.000301477238468496
mactivos_margen_tend6_delta1	4.88998176299044e-06	3.28183731870449e-05	0.000301477238468496
mcuentas_saldo_lag1_lag2	4.7705122285089e-06	0.000107562879416013	0.000301477238468496
cmobile_app_trx_min6_delta1	2.00333779909426e-06	0.000259959780190458	0.000301477238468496
cmobile_app_trx_ratioavg6_delta1_lag2	1.75944597982717e-06	3.81775841778409e-05	0.000301477238468496
mactivos_margen_min6_delta2	1.50421881750558e-06	5.97865461410673e-05	0.000301477238468496
