Feature	Gain	Cover	Frequency
mdescubierto_preacordado_avg6_delta1	0.219400972060356	0.00941936842234355	0.00125967248515386
mcaja_ahorro	0.0724297041065104	0.0101595723517099	0.00575850278927479
mvr_mpagospesos	0.0524512571308331	0.00762799545112112	0.00449883030412093
ctrx_quarter_min6	0.0260624076367747	0.00593737575398268	0.00179953212164837
mpasivos_margen_max6	0.0247406249919062	0.00458386789674051	0.00323915781896707
ctrx_quarter_normalizado	0.0236497617802242	0.00987416398665591	0.00269929818247256
ccomisiones_mantenimiento_avg6_delta2	0.0234035266828651	0.000165432605479569	0.000359906424329674
mpasivos_margen_avg6	0.0158748258185824	0.00358423076651348	0.000899766060824186
mpayroll_ratiomax6	0.014441899808885	0.00661060708252737	0.00107971927298902
mpayroll_sobre_edad	0.0127532928014027	0.0109476041552739	0.00161957890948353
cprestamos_personales_avg6_lag1_delta2	0.0107526426712321	6.86092398199906e-05	0.000179953212164837
mprestamos_personales_min6	0.0098440331530534	0.000482885029112105	0.000719812848659349
mpayroll_min6	0.00983886556647535	0.00391078961739325	0.000899766060824186
mcuentas_saldo_min6_delta2	0.00975813175604775	0.00449251233708598	0.00395897066762642
mpasivos_margen_max6_lag1_lag2	0.0095923992989988	0.00260380748190283	0.00125967248515386
cpayroll_trx	0.00936807555217721	0.00206303653093278	0.000179953212164837
mprestamos_personales_avg6_delta1	0.00831992249246645	0.00368273767334482	0.00125967248515386
mcuentas_saldo	0.00795279029529436	0.00632656752037624	0.00377901745546158
Master_status_max6	0.00748453438226368	0.00249868119728254	0.000539859636494512
mprestamos_personales_ratiomax6	0.00684860880688207	0.00993186600262339	0.00377901745546158
mtarjeta_visa_consumo_ratiomax6	0.00635946056571981	0.00220464036378629	0.00179953212164837
mdescubierto_preacordado_tend6_delta1_delta2	0.0063303910147252	0.0124944291943536	0.00359906424329674
Visa_cconsumos_ratioavg6	0.00576737927287459	0.000966793266165109	0.000359906424329674
mpayroll_max6	0.00570910462843662	0.00223665356567182	0.0014396256973187
mprestamos_personales_ratioavg6	0.00540157019762195	0.00388517856217774	0.00161957890948353
mcuentas_saldo_avg6_delta2	0.00525408478414097	0.00301854612159041	0.00251934497030772
mprestamos_personales_ratiomax6_lag1	0.00486745557205551	0.000723342598026616	0.000719812848659349
ctarjeta_visa_trx	0.00410909947144744	0.00211799353548825	0.000539859636494512
mprestamos_personales_avg6_lag2	0.00396078312527648	0.000583292708234134	0.00107971927298902
mdescubierto_preacordado_tend6	0.00393923772732221	0.00486111158081855	0.00161957890948353
mpayroll_ratioavg6	0.00391606913802274	0.00708720104906437	0.0014396256973187
mtarjeta_visa_consumo_tend6	0.00371536997708957	0.0012836384300788	0.000719812848659349
foto_mes	0.00369461178472001	0.00449012896611629	0.00557854957710995
mprestamos_personales_tend6	0.00368956121449744	0.00703782787167974	0.00161957890948353
Visa_msaldopesos	0.00358881872811579	0.00632582819401123	0.00251934497030772
mtarjeta_visa_consumo_ratioavg6	0.00356946681461673	0.00217945883373776	0.00215943854597805
mpayroll_sobre_edad_lag1_lag2	0.0034108595950989	0.000481555722776341	0.000359906424329674
cpayroll_trx_lag1	0.00318093552744991	0.000254752857661793	0.000179953212164837
mpasivos_margen	0.00308254313730334	0.00333223649720864	0.00107971927298902
mprestamos_personales_max6_lag1_delta2	0.00299810659193335	0.000545954875399217	0.000899766060824186
mpayroll	0.0029485004825944	0.00306511997978329	0.000719812848659349
Visa_status_tend6_delta1	0.00278416541234564	0.000760333601631868	0.000359906424329674
mprestamos_personales_ratioavg6_delta1	0.00274159818431345	0.000376312182722534	0.000899766060824186
mtarjeta_visa_consumo	0.00255842936755034	0.0050691474052318	0.00233939175814288
ctarjeta_visa_trx_tend6	0.00255357648053368	0.000322303095776968	0.000719812848659349
mprestamos_personales_avg6_delta2	0.00254094134160293	0.0016095307763891	0.000719812848659349
mvr_mpagominimo	0.00244853120648758	0.00441493614227126	0.00215943854597805
mpagomiscuentas	0.00237667994152198	0.00610184809917513	0.00233939175814288
cpayroll_trx_ratioavg6	0.00235498469136177	0.00710020652804297	0.00125967248515386
mprestamos_personales_ratioavg6_delta2	0.00225864605627715	0.00151692490353297	0.00179953212164837
cproductos_ratioavg6_delta1	0.00224044327454397	0.00302571104571215	0.0014396256973187
Visa_mpagominimo_avg6	0.00223498589148697	0.00421034269053251	0.00377901745546158
cproductos_ratioavg6	0.00221917735859311	0.00481734568169147	0.0014396256973187
mprestamos_personales_ratiomax6_lag1_lag2	0.00219309350050857	0.00161146117110511	0.000899766060824186
mcaja_ahorro_ratioavg6	0.0020607045135167	0.005338318978413	0.00269929818247256
ctrx_quarter_ratioavg6_lag1_lag2	0.002049402143337	0.000352998099736228	0.00125967248515386
cprestamos_personales	0.00200955322208962	0.00126422833589474	0.000899766060824186
mtransferencias_recibidas	0.00197680253379156	0.00297886194581743	0.00269929818247256
ctarjeta_visa_trx_ratiomax6	0.00190169376363803	0.000984068077191439	0.00161957890948353
mcuenta_corriente_min6_delta1	0.00186870166644897	0.00191431714466638	0.00215943854597805
mtarjeta_visa_consumo_min6	0.00182628440646019	0.00322399245232452	0.00125967248515386
mprestamos_personales_ratiomax6_delta2	0.00182353778864933	0.00207747869753889	0.00197948533381321
mcuentas_saldo_ratioavg6	0.00174711098617409	0.00302814378739069	0.0048587367284506
mcomisiones_otras_ratiomax6	0.00173259096840887	0.00231681801989797	0.00377901745546158
mcomisiones_mantenimiento_avg6_delta1	0.00173059186381546	0.00467117505826941	0.00287925139463739
mv_msaldototal	0.00164963497225859	0.00318837272015756	0.00251934497030772
ctarjeta_visa_trx_avg6_delta1	0.00163984323742909	0.00283661752801661	0.00161957890948353
mv_status06_delta2	0.00163067254759241	0.00235432865021385	0.000539859636494512
mprestamos_personales_ratioavg6_lag1_delta2	0.0016045564624834	0.000457972569426806	0.000539859636494512
tcallcenter_tend6	0.00157873342545341	0.00686518343990503	0.00269929818247256
mv_status07	0.00156673905500771	0.00205493973468151	0.000539859636494512
ccaja_ahorro	0.00156137132102216	0.00828465056416971	0.00161957890948353
mcomisiones_mantenimiento_ratiomax6	0.00153584835938037	0.00440795512403998	0.00179953212164837
mes	0.00151522180408165	0.00394529480580795	0.00233939175814288
Visa_msaldototal_ratioavg6	0.00148966621331855	0.00368706378170773	0.00287925139463739
Visa_msaldopesos_ratioavg6	0.0014545104982322	0.00153071290824682	0.00197948533381321
thomebanking_avg6	0.00145132686833582	0.000848017214815741	0.00197948533381321
chomebanking_trx_tend6_delta1	0.00140094247536805	0.00128481098441397	0.00125967248515386
cproductos_min6_delta1	0.00139393339096854	0.00146175683919717	0.000359906424329674
mactivos_margen_min6	0.00135276922626707	0.00288037725580508	0.00359906424329674
mcuentas_saldo_ratiomax6	0.00132848561995724	0.00244958326159975	0.00251934497030772
cproductos	0.00132533074788862	0.00770783282440114	0.00305920460680223
mcuentas_saldo_lag2	0.00129702530722666	0.00253382697064456	0.00359906424329674
mv_mpagominimo	0.00129270783456816	0.0040243903841875	0.00125967248515386
Visa_fechaalta_tend6_delta2	0.00129183170834203	0.000519851347362932	0.00161957890948353
ctrx_quarter_ratiomax6	0.00128372877332964	0.00162957404991415	0.00269929818247256
mv_status04	0.00127026360130178	0.00193127104608519	0.000899766060824186
mtarjeta_visa_debitos_automaticos_ratiomax6	0.0012470606999032	0.00115857131615432	0.00161957890948353
ctrx_quarter_ratioavg6	0.00123575569411209	0.00238068520313299	0.00323915781896707
mrentabilidad_annual	0.00123484580403896	0.00193055763934232	0.00395897066762642
mv_msaldopesos	0.00123238109958367	0.00036736497601134	0.000719812848659349
mcomisiones_mantenimiento_ratioavg6	0.00122844973158705	0.00395379397333633	0.00233939175814288
mcuenta_corriente_tend6	0.00122313971282352	0.00275454613016116	0.00233939175814288
mcuentas_saldo_min6	0.00121966151438855	0.00289245579972503	0.00215943854597805
mpayroll_avg6_lag1_lag2	0.00121327684439534	0.00401789937024156	0.0014396256973187
ccallcenter_trx_ratioavg6	0.00119575822253374	0.00100742289101255	0.000719812848659349
Visa_status_max6	0.00119271563724295	0.000272762057982254	0.000539859636494512
mpasivos_margen_min6	0.00118924971856889	0.000204698364495047	0.000539859636494512
Visa_mfinanciacion_limite	0.00118536664072337	0.0029222497882478	0.00305920460680223
ccaja_ahorro_avg6_delta2	0.00114260695131046	0.00336445458753589	0.000719812848659349
Visa_fultimo_cierre_tend6_lag1	0.00112804964671986	0.000631048994903951	0.000719812848659349
mcomisiones_otras_max6_lag2	0.00112420870296726	0.000852210022264758	0.00215943854597805
mpayroll_min6_delta2	0.00111446957576664	0.00643030155100699	0.00179953212164837
mv_fechaalta_delta2	0.00109958903076159	0.00126260527384133	0.000899766060824186
mrentabilidad_avg6	0.0010789174524721	0.000628349651397621	0.0014396256973187
mactivos_margen_tend6	0.00106779641216051	0.00265942481968916	0.00287925139463739
Master_Fvencimiento_tend6	0.00104176218969546	0.0009231594336842	0.00305920460680223
cproductos_ratioavg6_delta1_delta2	0.00102221796955381	0.00175173569762285	0.00161957890948353
mtarjeta_visa_debitos_automaticos_avg6_delta1	0.00102127945033379	0.00140822171105655	0.0014396256973187
mtransferencias_recibidas_max6_lag1	0.00101977444186949	0.00129693643050733	0.00215943854597805
Visa_mpagominimo_max6_lag1_lag2	0.00101266954678312	0.00172256501429931	0.00197948533381321
cliente_edad_min6_lag1_lag2	0.00100530005122826	0.00464835344810387	0.00395897066762642
cpayroll_trx_min6	0.00100273772121657	0.00221094253477089	0.000359906424329674
ctarjeta_visa_ratioavg6	0.000993150657631011	0.000807012372581051	0.000719812848659349
mv_Finiciomora_delta1	0.000988842194917964	0.00163697965624153	0.000359906424329674
mpasivos_margen_ratiomax6	0.000987775550058795	0.00107591487539902	0.00269929818247256
mcuenta_corriente_min6_lag1_lag2	0.000978483570723249	0.00168791294802579	0.00233939175814288
ctarjeta_master_tend6	0.000974386515117206	0.00205091602191031	0.000179953212164837
mrentabilidad_max6	0.00096908352168694	0.00160261147154389	0.00233939175814288
ccaja_ahorro_max6_delta2	0.000964755064782563	0.00507552363227967	0.000539859636494512
mdescubierto_preacordado	0.000952561232074722	0.00145497206953357	0.00125967248515386
mcuenta_corriente_min6	0.000928735494030673	0.00134053817202749	0.00161957890948353
mprestamos_personales_min6_lag2	0.000926951686238437	0.000177174194311626	0.000179953212164837
mcuentas_saldo_tend6_delta1_delta2	0.000905027514233003	0.00189382706622625	0.00395897066762642
mrentabilidad_annual_tend6_lag1	0.00090275627053456	0.000218432061429169	0.00107971927298902
mcuenta_corriente_avg6_lag2	0.000898361014674978	0.000519276178604839	0.00179953212164837
mtarjeta_visa_consumo_avg6_delta1	0.000885177735749655	0.000610765039173263	0.00107971927298902
ctarjeta_visa_trx_ratioavg6	0.000884045837093658	0.00129273621745198	0.0014396256973187
mactivos_margen_max6_lag1_lag2	0.000850886819329918	0.000442615810439268	0.00179953212164837
mcomisiones_mantenimiento_ratioavg6_delta1_delta2	0.000850876074353888	0.00212280964813649	0.00233939175814288
mvr_msaldototal	0.000847003797056749	0.00185770128429358	0.00107971927298902
mcuentas_saldo_avg6_delta1_lag2	0.000839144439862514	0.000391246822149412	0.00161957890948353
cplazo_fijo_ratiomax6	0.000834050560253522	0.00267015184045437	0.000719812848659349
ccomisiones_mantenimiento_tend6_delta1_delta2	0.000833032012400657	0.00409413268177558	0.00197948533381321
mcuentas_saldo_avg6_delta1	0.000822899532359765	0.00134655522716848	0.00125967248515386
Visa_delinquency_tend6	0.000807895828401922	0.0017939994929332	0.000719812848659349
mcuenta_debitos_automaticos	0.000807332418606922	0.0012191565815186	0.000899766060824186
mcaja_ahorro_dolares_delta1	0.000800440437255764	0.00428330889540845	0.000899766060824186
ccaja_ahorro_ratioavg6_delta1_delta2	0.000798306818549101	0.00593121675805374	0.000719812848659349
mcuentas_saldo_ratioavg6_delta1	0.000794566677733005	0.000895020598175607	0.00323915781896707
mtarjeta_visa_debitos_automaticos_avg6_delta2	0.000790422674603889	0.00208523236736365	0.00161957890948353
cliente_edad_avg6_lag1_lag2	0.000778502935357213	0.00215422916724811	0.00287925139463739
Visa_fechaalta_avg6_delta1_delta2	0.000765196706925112	0.000789516627632621	0.00251934497030772
mactivos_margen_lag1	0.000764539299830836	0.00231470125075606	0.00161957890948353
mactivos_margen_delta1	0.000761906986197679	0.00327709311822726	0.00251934497030772
Visa_mfinanciacion_limite_lag2	0.000761096729942266	0.00107846857531424	0.00215943854597805
mcuentas_saldo_min6_lag2	0.000758616337288473	0.00174161593657649	0.00251934497030772
mcuenta_corriente_ratioavg6	0.000756309498325301	0.00136205762974712	0.00233939175814288
ctrx_quarter_lag1_lag2	0.000745781400191575	0.00118414904614137	0.00197948533381321
mrentabilidad_avg6_lag1	0.000734498396853102	0.000617459707293212	0.00197948533381321
mcaja_ahorro_dolares_ratioavg6_delta1	0.000730394146973848	0.00190400113505234	0.00125967248515386
mcaja_ahorro_dolares	0.000729650525673453	0.00520083636548067	0.00107971927298902
mcuenta_corriente	0.000714756035712849	0.00540127897487292	0.00215943854597805
mv_msaldopesos_lag1	0.000710933336610439	0.000874198501718464	0.000719812848659349
ctrx_quarter	0.00071071975106723	0.00164280046281485	0.00161957890948353
mpayroll_min6_lag2	0.000706789808686681	0.000803574936977426	0.000539859636494512
cliente_edad_lag2	0.000704633038908607	0.00251317026606206	0.00341911103113191
ctarjeta_visa_debitos_automaticos_avg6_lag1_delta2	0.000701375570768923	0.00174619506982225	0.00161957890948353
mv_fechaalta_lag2	0.000698849975810901	0.00178614461315529	0.00215943854597805
cprestamos_personales_ratioavg6	0.000698184582599143	0.000343057307509444	0.000719812848659349
cliente_antiguedad_ratioavg6	0.000696035247043347	0.0024866730066227	0.00305920460680223
cliente_edad_max6	0.000689947535014615	0.00351744577438547	0.00233939175814288
mrentabilidad_min6_lag2	0.0006873886652463	0.00143947830682897	0.00269929818247256
cproductos_avg6	0.000686518596344802	0.000573827109080024	0.00197948533381321
mpayroll_sobre_edad_lag2	0.000685499352973077	0.00269336718202298	0.00107971927298902
mcaja_ahorro_min6_delta1	0.000683132719393962	0.0029867785389814	0.00161957890948353
cliente_antiguedad_ratioavg6_lag2	0.000682676016912638	0.00145808242419107	0.00323915781896707
mtransferencias_recibidas_avg6_delta2	0.000676851702704939	0.00246496717447716	0.00161957890948353
chomebanking_trx	0.000666482586064224	0.000877279233950653	0.00161957890948353
mcomisiones_mantenimiento_ratioavg6_delta1_lag2	0.000654938780828215	0.0016484311921591	0.00305920460680223
ctrx_quarter_tend6_lag1_lag2	0.000654492813937369	0.000708394381654804	0.00269929818247256
Master_fechaalta_tend6	0.000652762282000678	0.00220162504774333	0.00161957890948353
cliente_edad_max6_lag2	0.000651530345083742	0.00281902797872136	0.00251934497030772
ccaja_ahorro_tend6_delta1	0.000648671207461654	0.00506253296451373	0.000539859636494512
thomebanking	0.000645402505926712	0.00259963195420191	0.000899766060824186
mcuentas_saldo_delta1	0.000642239793957646	0.00152397504075663	0.00161957890948353
mvr_msaldopesos_lag2	0.000635602646172336	0.00143701223992196	0.00161957890948353
mcaja_ahorro_lag1	0.000635362009490043	0.00129503565821663	0.00215943854597805
ccallcenter_trx_avg6_delta1	0.000628315879325672	0.00136327585198798	0.000899766060824186
Visa_fechaalta_tend6	0.000627265518867578	0.00300658113030081	0.00197948533381321
ctrx_quarter_ratiomax6_delta1_delta2	0.000624294044356064	0.00206054454440362	0.00323915781896707
Visa_mpagominimo_avg6_lag1_delta2	0.000616227542701219	0.000837512362240356	0.00161957890948353
ccallcenter_trx_tend6	0.000615870656561908	0.0023905519392965	0.00161957890948353
cliente_edad_avg6_lag1	0.000613296898898712	0.00280520047744043	0.00233939175814288
Visa_cconsumos_min6_delta2	0.000608824250264694	0.00200591338652655	0.000899766060824186
mcaja_ahorro_dolares_avg6_delta2	0.000608477192157602	0.0018736381491101	0.00179953212164837
Visa_fultimo_cierre_avg6_lag1_delta2	0.000605281213961084	0.000472166648220947	0.0014396256973187
mcuentas_saldo_ratiomax6_delta1	0.000602096466195965	0.0014890082362142	0.00251934497030772
mtransferencias_recibidas_ratioavg6	0.000593305824128763	0.00154842588431419	0.00359906424329674
mcuentas_saldo_ratioavg6_delta2	0.000590939186412595	0.0017867321245906	0.00251934497030772
mrentabilidad_annual_ratiomax6_lag1	0.000587393810265973	0.000819359986864232	0.00233939175814288
mrentabilidad_avg6_lag1_lag2	0.000587171546791245	0.000432789805110559	0.000899766060824186
Master_fechaalta_ratioavg6_lag2	0.000586396637021664	0.000983660768843433	0.00251934497030772
mcuenta_corriente_min6_lag2	0.000583482494996891	0.00112695925127819	0.00179953212164837
mcomisiones_mantenimiento_tend6	0.000582525389912439	0.00317767408754994	0.0014396256973187
cproductos_ratiomax6	0.000579808400809846	0.00337020997791999	0.0014396256973187
Master_Fvencimiento_avg6_delta2	0.000579407738476356	0.00158005152613526	0.00125967248515386
Visa_Finiciomora_max6	0.000578716141789125	0.000312503010070405	0.000179953212164837
mrentabilidad_annual_lag2	0.000565355356867497	0.000117078933232678	0.000539859636494512
mpasivos_margen_ratioavg6	0.00056491497685045	0.00114973642780576	0.00161957890948353
Master_mfinanciacion_limite	0.000561684310515231	0.00136715268690036	0.00197948533381321
mrentabilidad_annual_avg6_delta1_lag2	0.000559613125740755	0.000764930014625727	0.00269929818247256
ctrx_quarter_avg6_delta1	0.000558775451815721	0.00127441351313033	0.00197948533381321
mcaja_ahorro_ratiomax6	0.000554601898273605	0.000916647437186992	0.00179953212164837
cliente_edad_avg6	0.000549837036504276	0.00318217546192926	0.00251934497030772
ccomisiones_otras_avg6_delta1	0.000546018243150267	0.00224327541199622	0.0014396256973187
mv_Finiciomora_lag1	0.000544293775268641	0.00010564837986637	0.000179953212164837
mcuenta_corriente_delta1	0.000538846230493867	0.00328572064959866	0.00125967248515386
mcomisiones_mantenimiento_max6	0.00053824684340509	0.00158285825093333	0.00125967248515386
ccaja_seguridad_lag1	0.000537365964816645	0.0016909541836909	0.000539859636494512
mrentabilidad_annual_delta1	0.000535950784984254	0.00078563115284619	0.00251934497030772
mcuenta_corriente_ratioavg6_delta1	0.000530904035916616	0.00261479616742494	0.00305920460680223
mcuenta_debitos_automaticos_avg6_delta1	0.000528059718946862	0.00227149817770986	0.000719812848659349
Visa_msaldototal_avg6_lag1_lag2	0.000524003171633706	0.00139798099177351	0.00251934497030772
mcuentas_saldo_delta2	0.000523167246632341	0.00105980768163697	0.0014396256973187
mprestamos_personales_delta1	0.000517169654125899	0.0024706731941524	0.000359906424329674
mvr_msaldopesos_delta2	0.000511601275792527	0.00265542579227238	0.00179953212164837
mcomisiones_otras_min6_lag1_lag2	0.000511496349264001	0.000943582861667386	0.00179953212164837
mcaja_ahorro_min6_lag1	0.000510523374691689	0.00177205668138518	0.00161957890948353
mcaja_ahorro_dolares_ratiomax6_delta1	0.000509562095506122	0.00166745249201097	0.00107971927298902
ctransferencias_recibidas_ratioavg6_delta1_lag2	0.000507278056026615	0.000476945732837548	0.00215943854597805
mactivos_margen_ratioavg6	0.000507134926963839	0.00356471329103768	0.00179953212164837
ctarjeta_visa_trx_ratioavg6_lag2	0.00050415112919448	0.000702002109126556	0.00215943854597805
Visa_fultimo_cierre_avg6	0.000501015936654185	0.0014872642159241	0.00215943854597805
mactivos_margen_tend6_delta1	0.000498874449396438	0.000783329243546097	0.000899766060824186
mactivos_margen_ratioavg6_lag1_lag2	0.00049802165090005	0.000460608965279353	0.00197948533381321
mcaja_ahorro_ratioavg6_lag1	0.0004948230772277	0.0017751275394756	0.00107971927298902
ctrx_quarter_avg6_delta1_lag2	0.000492026113829673	0.00208092230448112	0.0014396256973187
ctarjeta_debito_trx_ratioavg6	0.000485304715394686	0.00251172370429278	0.00161957890948353
mcomisiones_mantenimiento_avg6_delta2	0.000484383515298205	0.00134635774433308	0.00161957890948353
Visa_Fvencimiento_max6_lag2	0.000484124152153429	0.000768347701945812	0.0014396256973187
cpayroll_trx_min6_delta2	0.000481666539718218	0.00273479290955061	0.000719812848659349
mcomisiones_mantenimiento_ratioavg6_delta1	0.000481447004135888	0.000587668187305893	0.00179953212164837
mpayroll_sobre_edad_lag1	0.000480715910171224	0.00205936828726529	0.000539859636494512
ctarjeta_visa_debitos_automaticos_avg6_delta1	0.000478181322865664	0.000644271705001483	0.000719812848659349
mcaja_ahorro_ratioavg6_delta2	0.000476106502671406	0.000902465701070064	0.00179953212164837
mcomisiones_otras_ratioavg6	0.000474135539546632	0.000538826979309116	0.00251934497030772
mcuenta_corriente_delta2	0.000473955652583774	0.00202225632542335	0.000719812848659349
mplazo_fijo_dolares_avg6_delta1	0.000470264257365078	0.00190100186448976	0.000719812848659349
chomebanking_trx_delta1_delta2	0.000469554261042541	0.000160078352104875	0.000719812848659349
Master_mlimitecompra_ratioavg6_delta1	0.000468675621155428	0.00508088652552842	0.000719812848659349
mrentabilidad_annual_avg6_delta1_delta2	0.000466018440747108	0.000991308291644172	0.00197948533381321
mvr_msaldototal_lag1	0.000464222503362816	0.000405060746485414	0.0014396256973187
mtransferencias_recibidas_avg6_lag1_delta2	0.000460404063634208	0.000545369832499354	0.0014396256973187
mrentabilidad_annual_ratioavg6_lag1_lag2	0.000458198149187498	0.000617510312269783	0.00125967248515386
mcuenta_corriente_avg6	0.000455490753107822	0.000257144868505536	0.00125967248515386
mactivos_margen_avg6_delta1_lag2	0.000454115060271979	0.000672603086274588	0.00197948533381321
cproductos_ratiomax6_delta2	0.00045096059770985	0.00214682849799162	0.000539859636494512
Master_fechaalta_avg6_delta2	0.000448964638882055	0.000515241357424139	0.00179953212164837
chomebanking_trx_avg6_delta1	0.000446480649956115	0.00066983462377587	0.00287925139463739
Visa_fultimo_cierre_tend6_delta1	0.000446469914983108	0.00164506040701242	0.00161957890948353
mactivos_margen_min6_delta2	0.000446006085903348	0.00175886729651612	0.00179953212164837
mpasivos_margen_ratiomax6_delta2	0.000445817352316008	0.00102771425234956	0.00179953212164837
mcaja_ahorro_dolares_ratioavg6	0.000445080389571351	0.00103265749457309	0.00215943854597805
mcomisiones_tend6_lag1_delta2	0.000444440795021354	0.000394317680239831	0.000899766060824186
Master_mpagominimo_max6_lag1	0.000442714768026515	0.00233783266211962	0.0014396256973187
Visa_mpagominimo_lag1	0.000442233751653184	0.000543018552490412	0.000719812848659349
cliente_edad_max6_lag1_lag2	0.000441247270699228	0.00274694674380155	0.00215943854597805
Visa_msaldototal_avg6_lag1_delta2	0.000438550298588066	0.000977743689387859	0.00197948533381321
ccomisiones_mantenimiento_delta2	0.000438176285296819	0.00174107409304687	0.000719812848659349
mactivos_margen_lag2	0.000437710227148267	0.00156354566389925	0.00197948533381321
Master_fultimo_cierre_tend6_delta1	0.000434111192931812	0.0007506495370911	0.00161957890948353
mcuenta_corriente_avg6_delta1_lag2	0.000434016907150282	0.00213712962223819	0.00161957890948353
ctarjeta_visa_debitos_automaticos_ratiomax6	0.000433021971125375	0.000418044008645028	0.000899766060824186
mcuenta_corriente_tend6_lag1_delta2	0.000432794709596791	0.000704758228948062	0.000539859636494512
mcaja_ahorro_max6_lag2	0.000430313354182871	0.00107674553757541	0.00161957890948353
mcomisiones_ratiomax6	0.000429123872196569	0.00073928686844946	0.00107971927298902
cliente_antiguedad_ratioavg6_delta1_delta2	0.000426504352553812	0.000878436977073166	0.00161957890948353
mcomisiones_tend6_delta2	0.000424985267242245	0.000361536763831694	0.00107971927298902
Visa_fechaalta_ratioavg6	0.000423890095242319	0.000625405922882489	0.00197948533381321
mcuenta_debitos_automaticos_avg6_delta2	0.000423075468777134	0.00275073594570573	0.00125967248515386
mpayroll_sobre_edad_delta2	0.000422868597855991	0.00235118743886333	0.00125967248515386
mrentabilidad_annual_max6_delta2	0.000422744497137065	0.00107595684050154	0.00197948533381321
mcuenta_corriente_ratioavg6_lag1_delta2	0.000421478966486283	0.000440404002682824	0.00179953212164837
mrentabilidad_annual_ratioavg6	0.000421431285408161	0.000189345308310672	0.000899766060824186
tcallcenter_tend6_delta2	0.000421412141103337	0.000335538148551714	0.000719812848659349
cliente_edad_min6_lag2	0.000419991099746232	0.0011869767534907	0.00215943854597805
mv_Fvencimiento_lag1	0.000417253160360865	0.000546546089637686	0.00197948533381321
Visa_mpagominimo_tend6_delta1_delta2	0.00041480503227375	0.00228880137689377	0.00215943854597805
Master_fechaalta_ratioavg6_delta2	0.000413788535411161	0.00085101771964605	0.00179953212164837
Visa_fechaalta_delta2	0.000413453790778865	0.000643042374351139	0.000719812848659349
mprestamos_personales_ratioavg6_lag1_lag2	0.000411199240706265	0.000541283172074363	0.000539859636494512
cmobile_app_trx_max6_lag1_lag2	0.000411092089307748	0.000423647584099411	0.00161957890948353
mrentabilidad_annual_lag1	0.000409414084852261	0.000560774727928021	0.0014396256973187
cproductos_avg6_delta1	0.000408385309710699	0.0044278046175328	0.000719812848659349
mcuentas_saldo_ratioavg6_delta1_lag2	0.000407753181861934	0.000477306139012147	0.0014396256973187
Visa_mpagospesos_avg6_delta1_lag2	0.000407551473488809	0.000580935256886586	0.00125967248515386
mtarjeta_visa_debitos_automaticos_ratioavg6	0.000406495826027643	0.00155262856590498	0.00161957890948353
Visa_mpagospesos_max6_lag1_lag2	0.000406459496034672	0.00085139910837191	0.00197948533381321
mcomisiones	0.000404209015340176	0.000663527515720387	0.00215943854597805
ctarjeta_visa_trx_min6_delta1	0.000403994271916138	0.00127689068844684	0.000539859636494512
ccomisiones_mantenimiento_ratioavg6	0.00040398884805457	0.000597866941486414	0.00107971927298902
mpasivos_margen_ratioavg6_lag2	0.0004039608479867	0.000632000615317019	0.00197948533381321
ctrx_quarter_max6_lag1_delta2	0.000402932861972539	0.00216083249955669	0.00197948533381321
ctrx_quarter_ratioavg6_lag1	0.000402497514340712	0.000918059439460079	0.00107971927298902
mpayroll_min6_delta1_delta2	0.000400041033605578	0.00178745663974296	0.00107971927298902
ctarjeta_visa_trx_ratiomax6_delta2	0.0003996027949765	0.000917748403994329	0.00125967248515386
Visa_mpagominimo_min6	0.000399119192265901	0.000939522120864541	0.00197948533381321
ctrx_quarter_normalizado_delta2	0.000397225517933518	0.000535991866353452	0.00107971927298902
ctarjeta_visa_trx_ratioavg6_lag1	0.000397177684124049	0.00100347940564322	0.00125967248515386
mpasivos_margen_tend6_delta2	0.000396772460998494	0.000457261631219378	0.00179953212164837
mrentabilidad_annual_max6_lag1_lag2	0.000394785316192734	0.00126217204587117	0.00197948533381321
Master_mpagospesos_tend6	0.000394619740715971	0.00264921495709915	0.000899766060824186
mtransferencias_emitidas_avg6	0.000392043001410843	0.00112633471181125	0.000719812848659349
chomebanking_trx_delta2	0.000392029089551707	0.00163907050576129	0.00125967248515386
mvr_mpagominimo_delta1	0.000391107315145841	0.00206872527085993	0.00125967248515386
mtarjeta_master_consumo	0.000390372111698357	0.000722145358337023	0.000719812848659349
mrentabilidad_annual_ratioavg6_delta2	0.000389671816579584	0.000604867708001228	0.00251934497030772
Visa_fechaalta_avg6_delta1_lag2	0.000388169230081891	0.000753900598268819	0.000899766060824186
mcomisiones_avg6_lag1_lag2	0.000386225595216996	0.000617706560837458	0.00107971927298902
Visa_mfinanciacion_limite_ratioavg6	0.000382262366232466	0.00411633222100962	0.000359906424329674
mcomisiones_ratiomax6_lag1	0.000381949053756985	0.000668232544273714	0.00197948533381321
Master_mlimitecompra	0.000381652989457672	0.000445676794387917	0.00179953212164837
ctrx_quarter_ratiomax6_lag1_lag2	0.000381651301540097	0.000608916106126861	0.00161957890948353
mcuenta_debitos_automaticos_ratiomax6	0.000381349438451082	0.0031308175820489	0.000539859636494512
mtarjeta_visa_debitos_automaticos_avg6_delta1_lag2	0.000381328860379573	0.00128567744035427	0.00125967248515386
Visa_mpagominimo_tend6_lag1_lag2	0.0003793494245705	0.000129868415360059	0.000719812848659349
chomebanking_trx_ratiomax6_delta2	0.000377929142455219	0.00025482074238646	0.000899766060824186
mrentabilidad_ratioavg6_lag1_lag2	0.000377164006009964	0.000556955903598537	0.00197948533381321
ctrx_quarter_ratiomax6_delta1	0.000373648641773853	0.00144569654760853	0.00107971927298902
mcuenta_corriente_ratioavg6_delta1_lag2	0.000372276195351327	0.000380355643777282	0.0014396256973187
mrentabilidad_annual_ratioavg6_lag1	0.000370428625200701	0.0010987451254386	0.00197948533381321
mcuenta_corriente_ratioavg6_delta1_delta2	0.000369659941880946	0.000795390507717953	0.00215943854597805
mvr_mpagominimo_lag2	0.00036674143409219	0.000510241338885438	0.000719812848659349
Visa_cconsumos_delta2	0.000366174147569906	0.000864742776706124	0.000719812848659349
mcuentas_saldo_lag1_delta2	0.000364237105808867	0.000522466760664218	0.000719812848659349
mcuenta_corriente_ratioavg6_lag2	0.000363929124697859	0.000302026545652608	0.0014396256973187
mtarjeta_visa_debitos_automaticos_max6_lag1_lag2	0.000361982932146332	0.000577109026950774	0.00125967248515386
cliente_antiguedad_ratioavg6_delta1	0.000361912296475936	0.000361344218067182	0.00125967248515386
Visa_fultimo_cierre_tend6_delta1_lag2	0.000361786958839946	0.000145855885153146	0.000359906424329674
chomebanking_trx_lag1_lag2	0.000360371949861664	0.000334903734943001	0.0014396256973187
mvr_msaldopesos_lag1	0.00035930930133383	0.000270413246508754	0.000719812848659349
mpasivos_margen_ratiomax6_lag1_lag2	0.000358644183760939	0.000536026425849646	0.00179953212164837
mcomisiones_mantenimiento	0.000357602871496738	0.00161446167593542	0.000719812848659349
mtransferencias_emitidas_max6	0.0003567111495692	0.00178275161118963	0.00161957890948353
mrentabilidad_lag1_lag2	0.000355658796070445	0.000383452421489847	0.00179953212164837
mprestamos_personales_ratiomax6_lag1_delta2	0.000355576911996397	0.000857711153498278	0.000719812848659349
Visa_fultimo_cierre_avg6_lag2	0.000355481382876109	0.000711373903933853	0.0014396256973187
tpaquete9_avg6	0.000354602268771591	0.00274527431103929	0.000719812848659349
ccomisiones_mantenimiento_ratioavg6_delta1	0.000353927671296392	0.00247269122187661	0.000899766060824186
Visa_mpagospesos_ratiomax6_lag1	0.00035372935654157	0.000591784470156194	0.00161957890948353
Visa_Fvencimiento_tend6	0.000353485212610951	0.000777403524216473	0.00107971927298902
mcaja_ahorro_max6_lag1_lag2	0.000352849958400586	0.000274660361737505	0.000719812848659349
Master_fechaalta_ratioavg6_delta1_delta2	0.0003527590884663	0.00195635630325146	0.00305920460680223
mtransferencias_emitidas_avg6_delta2	0.000349019921277813	0.00136860048293736	0.00161957890948353
ccomisiones_otras_ratioavg6_lag1	0.000345881591493	0.00143469922221237	0.00161957890948353
cliente_edad	0.000345265372032741	0.00187145719804668	0.00215943854597805
mprestamos_personales_delta2	0.000341998044369838	0.00361974928872731	0.000719812848659349
ccallcenter_trx_tend6_delta1_delta2	0.000339264617706452	0.000891283235515724	0.0014396256973187
ctransferencias_emitidas_max6	0.000338831719456919	0.00177042497945771	0.00107971927298902
mactivos_margen_ratiomax6_delta2	0.000338381293934514	0.00020647817854906	0.00125967248515386
mpasivos_margen_ratiomax6_lag1	0.000338291159037205	0.000455569450173572	0.00179953212164837
mcomisiones_tend6_lag1	0.000338126351693843	0.000582580535758985	0.0014396256973187
mrentabilidad_annual_tend6_lag1_lag2	0.000336281072976536	0.00108412399001292	0.00125967248515386
ccomisiones_mantenimiento_delta1	0.00033602591635008	0.00109293913007794	0.000719812848659349
ccallcenter_trx_ratiomax6	0.00033534812334114	0.000375258118088604	0.000359906424329674
mactivos_margen	0.000333969097152123	0.000418568572426551	0.00107971927298902
mactivos_margen_max6_lag2	0.000333896696009847	0.000569414601976629	0.00161957890948353
mcomisiones_mantenimiento_avg6	0.000333322651889545	0.00113648409528292	0.000719812848659349
chomebanking_trx_ratioavg6_delta1	0.000333094398209234	0.00049712354154421	0.0014396256973187
ccomisiones_mantenimiento_avg6_delta1	0.000332677607544216	0.000406687511341995	0.000539859636494512
mcaja_ahorro_tend6	0.000331295516478232	0.000443967333594014	0.00161957890948353
Master_msaldopesos_ratioavg6_lag2	0.000330608358910489	0.00276244174077387	0.00179953212164837
mcomisiones_ratioavg6_lag2	0.000328889092601021	0.000790204114753346	0.00161957890948353
Master_mpagominimo	0.00032828446837378	0.0025562363353912	0.00107971927298902
chomebanking_trx_avg6_lag1_lag2	0.00032656432377416	0.000979429699095058	0.00179953212164837
Master_fechaalta_ratioavg6_delta1_lag2	0.000326538651817362	0.000584199895009238	0.00125967248515386
Visa_mpagospesos_max6_lag2	0.000326374897631819	0.00021760016498506	0.00125967248515386
ccajas_trx_avg6_lag1	0.000321510139372796	0.000280646560185469	0.0014396256973187
mv_mpagospesos	0.000321314585946404	0.000473868703408523	0.000719812848659349
mcaja_ahorro_ratioavg6_delta1_lag2	0.000319949625490191	0.000315956491154406	0.00161957890948353
mcaja_ahorro_tend6_lag1_lag2	0.000318422288054815	0.000719191755680121	0.00197948533381321
ccaja_seguridad_max6_lag1_lag2	0.000316895251204118	0.000649819738408411	0.000359906424329674
Visa_fultimo_cierre_ratiomax6	0.000316338744236216	0.000543143213530256	0.00179953212164837
thomebanking_ratioavg6	0.00031543335749952	0.00187865174459373	0.000719812848659349
cliente_edad_lag1_lag2	0.000315131910585675	0.0016620883644945	0.00161957890948353
mcuentas_saldo_min6_delta1	0.000314206067048692	0.000500396819540911	0.000539859636494512
Master_fultimo_cierre_avg6	0.00031416152025123	0.000259572673113194	0.00107971927298902
mrentabilidad_max6_lag2	0.000313758819770852	0.000371410905601531	0.0014396256973187
chomebanking_trx_tend6_delta2	0.000313621955688067	0.00073638510503685	0.00161957890948353
mvr_mpagospesos_lag1	0.000313409480603948	0.000685162994605821	0.00107971927298902
mrentabilidad_annual_tend6_lag1_delta2	0.000313403305898156	0.000700604918066124	0.0014396256973187
Master_Fvencimiento_max6_lag1_lag2	0.000312524478299987	0.000118714337963307	0.000719812848659349
mcuenta_corriente_ratioavg6_lag1	0.000312161518226083	0.0010258912389253	0.0014396256973187
mactivos_margen_max6_delta2	0.00031199856724627	0.000219029447006244	0.000719812848659349
mcomisiones_mantenimiento_avg6_lag2	0.000311983299421742	0.00152620165972573	0.000719812848659349
mplazo_fijo_dolares_ratiomax6	0.000310213377801867	0.00260629206282567	0.000359906424329674
mrentabilidad_annual_lag1_lag2	0.000309838342967293	0.000506464479658476	0.000899766060824186
mrentabilidad_annual_ratiomax6_delta1	0.00030919793928385	0.000563080340031278	0.00161957890948353
Visa_mpagominimo	0.000308402976292752	0.00122205834493121	0.00179953212164837
Master_fultimo_cierre_avg6_delta2	0.00030680874382375	0.0013408701900445	0.00125967248515386
Visa_msaldopesos_avg6_delta1	0.000304621695603988	0.00251618187930186	0.00179953212164837
ctrx_quarter_delta2	0.000304122907346816	0.000832348186094731	0.00125967248515386
mvr_mpagominimo_delta2	0.000303441365550496	0.00250728280903179	0.000719812848659349
mcaja_ahorro_avg6_delta1_lag2	0.000300663189559298	0.000524671162814334	0.00161957890948353
cliente_edad_avg6_lag2	0.00030062764400095	0.000793088598417859	0.00107971927298902
Visa_fechaalta_ratioavg6_lag1_lag2	0.000300352019953714	0.00162348540724533	0.00161957890948353
Visa_cconsumos_avg6_delta1_delta2	0.00030023160479318	0.000872169365584762	0.00161957890948353
cmobile_app_trx_delta2	0.000300220145033208	0.00128726100584061	0.000899766060824186
chomebanking_trx_avg6_delta1_lag2	0.00030002522093283	0.000482276535125539	0.0014396256973187
mrentabilidad_annual_tend6	0.00029886989000932	0.000359308910594875	0.00161957890948353
ccajas_trx_ratioavg6	0.000297623269271529	0.000739704050939236	0.000899766060824186
chomebanking_trx_min6_lag2	0.0002970174506092	0.000498377557548979	0.00107971927298902
chomebanking_trx_max6_lag2	0.00029633388499131	0.000334626024705725	0.0014396256973187
ctrx_quarter_max6_delta1_delta2	0.000294895335626416	0.000642145061717805	0.00107971927298902
mcuentas_saldo_min6_delta1_delta2	0.000294801399580222	0.000351382443289138	0.0014396256973187
ccomisiones_otras	0.000294383172925625	0.00103497051228267	0.00125967248515386
Visa_fechaalta_ratioavg6_delta1	0.000294139394553026	0.000463137979840152	0.00107971927298902
Visa_msaldototal_ratiomax6	0.00029350750282501	0.00124535514816942	0.00125967248515386
cliente_edad_min6_lag1	0.000293444292114835	0.00164665754944369	0.0014396256973187
mcaja_ahorro_lag1_lag2	0.000291955820994581	0.000470142449158131	0.00125967248515386
Visa_mpagospesos_tend6_delta1	0.000291647534729613	0.000317437612419881	0.00107971927298902
mcuenta_corriente_ratioavg6_lag1_lag2	0.000290332933444918	0.000358237566212847	0.00107971927298902
Master_Fvencimiento_avg6_lag1	0.000288686537061389	0.000515556095693053	0.0014396256973187
mv_Fvencimiento_delta2	0.00028851982167219	0.000756009961804401	0.000539859636494512
Visa_cconsumos_avg6_delta1	0.000287986278496874	0.000332000737262669	0.000899766060824186
mactivos_margen_ratioavg6_lag2	0.00028461163580575	0.00121866657723327	0.00179953212164837
mtransferencias_recibidas_ratiomax6_lag1_lag2	0.000284120585782496	0.000405445838014438	0.00179953212164837
mprestamos_personales_min6_delta2	0.00028390993236008	0.000843824407366724	0.000539859636494512
mv_mpagominimo_lag1_lag2	0.000283863301475919	0.000914320842532475	0.000539859636494512
mcuenta_corriente_lag1_delta2	0.000282301012488893	0.00061055151085749	0.00125967248515386
mcuenta_corriente_ratiomax6	0.000282251434047176	0.000261022937685639	0.00107971927298902
Master_mlimitecompra_ratioavg6	0.00028186077868888	0.000533277711634468	0.000719812848659349
cliente_edad_ratioavg6_delta1_lag2	0.000281476618133123	0.00125027617357396	0.00107971927298902
mactivos_margen_ratioavg6_lag1_delta2	0.000280747860090533	0.000538457933260469	0.0014396256973187
mcuentas_saldo_tend6	0.000279171778292698	9.5515041875075e-05	0.000539859636494512
mcaja_ahorro_ratiomax6_lag1_delta2	0.000278844798476429	0.000337779578733466	0.00125967248515386
ccomisiones_otras_avg6	0.000278230911202548	0.000247668160941935	0.000899766060824186
Master_Fvencimiento_avg6_lag1_delta2	0.000277892321951439	0.000499676007191713	0.00125967248515386
Visa_msaldopesos_ratioavg6_lag1_delta2	0.000277163420161698	0.00062395195550688	0.00107971927298902
chomebanking_trx_avg6_lag1_delta2	0.000276785422456297	0.000712936486868929	0.000719812848659349
mcaja_ahorro_dolares_ratioavg6_delta1_delta2	0.00027655696723359	0.000727319408624418	0.000719812848659349
mactivos_margen_tend6_lag1	0.000276554906363785	0.000377315642379894	0.00107971927298902
mcaja_ahorro_min6_lag2	0.000275041443492323	0.000653090547869669	0.000899766060824186
mcomisiones_otras_ratioavg6_lag2	0.000274824878036099	0.00149931313741874	0.00107971927298902
mpasivos_margen_tend6_delta1	0.000274278510676071	0.000772251690748061	0.000719812848659349
mv_fechaalta_lag1_lag2	0.000273031055859023	0.00121081786879397	0.00125967248515386
Visa_Fvencimiento_ratioavg6_lag2	0.000271396185181324	0.000360319775858562	0.00161957890948353
mactivos_margen_tend6_delta1_delta2	0.000271041295200901	0.00102249206562104	0.00107971927298902
Visa_cconsumos_tend6_lag1	0.000269924932104676	0.000420921086703215	0.00107971927298902
Visa_mpagado_tend6_delta1	0.000269691807322461	0.00105518288048553	0.00125967248515386
mcuenta_corriente_avg6_lag1_delta2	0.000268345027422992	0.000548228396541722	0.000359906424329674
ctrx_quarter_min6_lag1_delta2	0.000268111007061448	0.000511290466448483	0.00107971927298902
mrentabilidad_annual_ratioavg6_delta1	0.000267789959902504	0.00046829475037945	0.000899766060824186
Visa_mconsumospesos_tend6_lag1	0.000266759629476047	0.00147009925472496	0.0014396256973187
mtransferencias_emitidas_tend6	0.000266752176606157	0.000174058902583243	0.000719812848659349
mpasivos_margen_ratioavg6_delta2	0.000266568158518136	0.000440197879973379	0.000719812848659349
mactivos_margen_avg6_delta1_delta2	0.000266478434609245	0.000301714275919137	0.00107971927298902
chomebanking_trx_avg6_lag1	0.000264788551625239	0.000353468355738016	0.00125967248515386
chomebanking_trx_ratioavg6_delta2	0.000264679943613626	0.000249584978713004	0.000539859636494512
numero_de_cliente	0.000264657310353042	0.000742172586381695	0.00161957890948353
mrentabilidad_annual_min6_lag1_lag2	0.000264650240561899	0.000837776495532699	0.00125967248515386
Visa_cconsumos_avg6_delta1_lag2	0.000263950577239022	0.0002508056694893	0.00107971927298902
chomebanking_trx_max6	0.000263843139828133	0.000479342680752176	0.00107971927298902
mrentabilidad_ratiomax6_delta1_delta2	0.00026205822256476	0.000292831251129448	0.00125967248515386
mcaja_ahorro_ratiomax6_delta2	0.000261413912268457	0.00030722774982987	0.00125967248515386
Visa_mconsumospesos_tend6_lag1_lag2	0.00026072480818646	0.000154029206003129	0.000719812848659349
chomebanking_trx_avg6_delta1_delta2	0.000260157905236899	0.000598137246117363	0.00179953212164837
mcuenta_corriente_ratiomax6_delta1	0.000259743306592437	0.000451305055196724	0.00107971927298902
Visa_fechaalta_ratioavg6_delta2	0.000259622751636565	0.000911812810522936	0.00197948533381321
cmobile_app_trx_ratioavg6	0.000259598703380401	0.000588353205891176	0.0014396256973187
mpasivos_margen_avg6_delta1_lag2	0.000259565043824191	0.000814063744072436	0.0014396256973187
mv_mpagominimo_delta2	0.000259501876583944	0.000897707599004724	0.000719812848659349
mrentabilidad_annual_ratiomax6_lag1_lag2	0.000259242941531521	0.000614160509674366	0.00125967248515386
mcuentas_saldo_lag1_lag2	0.000258815364118588	0.00128160188833877	0.0014396256973187
Master_fechaalta_ratioavg6_delta1	0.000258582234427482	0.000453584747677835	0.0014396256973187
mpayroll_min6_delta1	0.00025691940320003	0.00265915451505821	0.000359906424329674
ctarjeta_visa_trx_tend6_delta1	0.000256533402087971	0.000943258249256703	0.00125967248515386
mcuenta_corriente_avg6_lag1_lag2	0.000256416145906921	0.000956733984237088	0.00107971927298902
ccomisiones_otras_lag1	0.000256000482496192	0.00107513358393148	0.00125967248515386
Visa_mpagominimo_max6_delta1	0.00025453935346716	0.000263076759173765	0.000179953212164837
mtransferencias_recibidas_max6_delta2	0.000253720063864161	0.00113748138360167	0.000539859636494512
mcomisiones_otras_tend6_lag2	0.000253460833537307	0.000195853602004715	0.000899766060824186
Visa_fechaalta_ratioavg6_delta1_lag2	0.000253391563588338	0.00073088520807105	0.00179953212164837
mtarjeta_visa_debitos_automaticos_ratiomax6_lag1_lag2	0.000250466372298034	0.00047836267218152	0.00107971927298902
Visa_mconsumospesos_ratiomax6_lag2	0.000249688518428732	0.000440033722366455	0.00125967248515386
chomebanking_trx_max6_lag1_lag2	0.000249361701624695	0.000576249976616798	0.00107971927298902
ccomisiones_otras_tend6_lag1_lag2	0.000249183959013665	0.00033115773240907	0.00125967248515386
mv_mfinanciacion_limite	0.000247968438910511	0.000323591671277932	0.00125967248515386
cproductos_min6_delta2	0.000247498141826434	0.00058291749084688	0.000359906424329674
mcuentas_saldo_ratiomax6_lag2	0.000246970303770533	0.000288241009474195	0.00107971927298902
mcaja_ahorro_ratioavg6_lag2	0.00024494535297013	0.000410616185498669	0.00125967248515386
Visa_msaldopesos_ratioavg6_lag1_lag2	0.000244061693788173	0.000141128639780837	0.000719812848659349
mprestamos_personales_ratioavg6_delta1_delta2	0.000243403788271646	0.000805771933521215	0.000539859636494512
cmobile_app_trx	0.000241061138484767	0.000286784573563144	0.000899766060824186
mcuenta_corriente_max6_lag1_lag2	0.000240536423842044	0.00098019494508222	0.000719812848659349
mcaja_ahorro_dolares_ratioavg6_lag1_delta2	0.000240324956963886	0.000766182796362775	0.00107971927298902
mrentabilidad_ratiomax6_delta1	0.000239853323549982	0.000357334082240907	0.00107971927298902
mvr_msaldopesos2_lag1_lag2	0.000239152771069471	0.000895610578146355	0.0014396256973187
ctrx_quarter_tend6_delta1_lag2	0.000238972053732178	0.000561730051144253	0.0014396256973187
ctrx_quarter_max6_delta1_lag2	0.000237772612192423	0.000406280202993989	0.00107971927298902
Visa_cconsumos_avg6_lag1_delta2	0.000237594748557158	0.000418305673401929	0.00125967248515386
mcaja_ahorro_ratiomax6_lag1	0.000237431885258168	0.000802075301696132	0.00125967248515386
ccajas_consultas_avg6_delta1_delta2	0.000237255360052131	0.00212228755289041	0.000899766060824186
mactivos_margen_tend6_lag1_delta2	0.000236730478445363	0.000311415620208002	0.0014396256973187
ctrx_quarter_ratioavg6_delta2	0.000235494564153439	0.000296285966481169	0.0014396256973187
ccaja_ahorro_max6	0.000234860263796188	0.00123133756965942	0.000359906424329674
mv_mpagominimo_lag2	0.000234707430442297	0.00100040978182052	0.00125967248515386
Visa_mpagado_ratioavg6	0.00023456825356171	0.000986225577168148	0.000539859636494512
ccomisiones_otras_min6	0.000232872840387703	0.000518492418601858	0.000899766060824186
Master_msaldopesos_max6	0.00023248588441914	0.00108318594654478	0.000899766060824186
ccomisiones_mantenimiento_max6_delta1	0.000230139627122149	0.00130173279487203	0.000359906424329674
ctrx_quarter_ratioavg6_delta1_lag2	0.000229613475501894	0.000231601698014689	0.00125967248515386
mrentabilidad_tend6_delta1	0.000228779069725142	0.000243421045713184	0.00107971927298902
Visa_Finiciomora	0.000228771075210059	0.00113784302404399	0.000179953212164837
Visa_cconsumos_avg6_lag2	0.000227772486599689	0.000419247419673227	0.00107971927298902
ctrx_quarter_min6_delta1_delta2	0.000227220572995425	0.000699974207260576	0.00107971927298902
chomebanking_trx_ratiomax6_lag1_lag2	0.000227214878434756	0.000382769871440007	0.0014396256973187
mcaja_ahorro_ratioavg6_delta1	0.000226077541097898	0.000472041987181103	0.00125967248515386
ccomisiones_otras_ratiomax6_delta1_delta2	0.000225600350942758	0.000433211924671219	0.00107971927298902
Visa_cconsumos_avg6_lag1	0.000225171464770059	0.000121053275295037	0.000719812848659349
chomebanking_trx_min6_lag1	0.000223881219982841	0.000579840461417855	0.000899766060824186
ctrx_quarter_tend6_lag1_delta2	0.000223589150471187	0.00114051151085729	0.00125967248515386
mcomisiones_ratiomax6_delta1	0.000223287602539156	0.000885052652058957	0.000899766060824186
cmobile_app_trx_min6_lag1	0.000223135468655936	0.00109367475363979	0.000899766060824186
mrentabilidad_avg6_delta2	0.000223062592308303	0.000211705302348467	0.000899766060824186
mcuentas_saldo_max6_lag1_lag2	0.000222931229147413	0.000285357760077402	0.000899766060824186
ccomisiones_otras_tend6_delta1_delta2	0.00022254839640039	0.000832691312521233	0.00161957890948353
Visa_mpagominimo_max6_delta2	0.00022244777240686	0.00103498779203077	0.000719812848659349
ctransferencias_recibidas_tend6	0.00022226236723293	0.000699169464706334	0.0014396256973187
Master_Fvencimiento_avg6_lag2	0.000221995127448205	0.000669735882358172	0.0014396256973187
mactivos_margen_ratiomax6_lag1_delta2	0.000221700083117669	0.000346613232814307	0.000899766060824186
mtarjeta_visa_debitos_automaticos_avg6_lag1	0.000221512951094644	0.000285381211164106	0.00107971927298902
ccomisiones_mantenimiento_tend6	0.000221445145415407	0.000563358050268555	0.000899766060824186
mtransferencias_recibidas_lag1	0.000221425708923505	0.000588173002803876	0.00107971927298902
mcaja_ahorro_avg6_delta1	0.000221036701964667	0.000489200777041637	0.00107971927298902
ctarjeta_visa_debitos_automaticos_max6_lag1_lag2	0.000220967442389204	0.000561591813159475	0.00107971927298902
mcaja_ahorro_dolares_min6	0.00022021268006715	0.00225789531315419	0.000539859636494512
mcomisiones_otras_min6_lag2	0.00021991101456872	0.000786124859934682	0.00107971927298902
Visa_Fvencimiento_max6_lag1	0.000219690912488007	0.000364168222613356	0.000899766060824186
mcuentas_saldo_max6_lag1_delta2	0.000219648181548024	0.000259763984609985	0.000539859636494512
mrentabilidad_annual_tend6_delta1	0.000219544347695435	0.000317843686500166	0.000719812848659349
mtarjeta_visa_debitos_automaticos_ratioavg6_lag1_lag2	0.000218955252112295	0.000618668055392296	0.000899766060824186
mcuenta_corriente_tend6_lag1_lag2	0.000218749934747129	0.000384429961525061	0.000719812848659349
mvr_msaldopesos2	0.000217162653329677	0.000522999964319789	0.00161957890948353
Master_Fvencimiento	0.000216064260047487	0.000224273850553749	0.00107971927298902
mtransferencias_emitidas_lag2	0.000215160349312464	0.000928648222240508	0.000899766060824186
chomebanking_trx_ratiomax6_delta1	0.000214419467296799	0.000230783378515514	0.00107971927298902
cproductos_tend6	0.000213975626542398	0.0007309345787799	0.000359906424329674
mcomisiones_ratioavg6_delta1	0.000213596639896118	0.000630463952004088	0.00107971927298902
mprestamos_personales	0.000212075674510131	0.000906528910408352	0.000359906424329674
mrentabilidad_annual_delta1_delta2	0.000211296136181088	0.00197781404758504	0.00107971927298902
mcuenta_corriente_ratiomax6_lag2	0.00021011352688932	0.000173117156311945	0.000719812848659349
ctarjeta_visa_debitos_automaticos_tend6	0.000208541966952031	0.000752921823965884	0.000719812848659349
mcomisiones_otras_delta1_lag2	0.000208100687403845	0.00031471605209457	0.000719812848659349
mpasivos_margen_avg6_delta2	0.000207824738814071	0.000247030044530059	0.000899766060824186
mcaja_ahorro_ratiomax6_lag1_lag2	0.000207797312746852	0.000338400415397245	0.00125967248515386
mcomisiones_mantenimiento_max6_delta2	0.00020745693036118	0.00103796731430982	0.000539859636494512
mv_Finiciomora	0.00020723359866235	0.00243184066310708	0.000359906424329674
mactivos_margen_max6	0.000205845856752613	0.000121532171170874	0.000359906424329674
mcuenta_corriente_avg6_delta1	0.00020293773333707	0.00028993319052	0.000719812848659349
Visa_fechaalta_ratioavg6_lag1_delta2	0.000201991496722763	0.000459398148644827	0.000539859636494512
mrentabilidad_annual_ratioavg6_delta1_lag2	0.000201895297276415	0.000860796822801352	0.00125967248515386
mcaja_ahorro_max6	0.000198696206163719	0.000221552290228437	0.000719812848659349
mrentabilidad_ratiomax6	0.000198413024523582	9.30489749680583e-05	0.000539859636494512
cmobile_app_trx_ratiomax6_delta2	0.000197922487124403	0.000752429351145113	0.00125967248515386
mcuentas_saldo_tend6_lag1_delta2	0.000197845631302381	0.000402586039704349	0.000539859636494512
ccomisiones_otras_avg6_lag1_lag2	0.000197822678439025	0.000207870432538607	0.000899766060824186
Visa_mpagominimo_max6_delta1_delta2	0.00019745566652318	0.000475202946815172	0.000719812848659349
mv_fultimo_cierre_lag2	0.000197260282530715	0.000542632226693667	0.0014396256973187
ctarjeta_master_trx_avg6_delta1	0.000197254835452254	0.000529000973980407	0.000539859636494512
mrentabilidad_annual_ratiomax6_lag2	0.000197043667429857	0.00023901100714523	0.000899766060824186
mtransferencias_recibidas_tend6_lag1	0.000196719104022952	0.001060192773166	0.00107971927298902
mrentabilidad_annual_avg6_delta1	0.000196572089835293	0.000714204079818632	0.000719812848659349
Visa_fultimo_cierre_ratioavg6_lag1_lag2	0.000196024966444288	0.000255093515552852	0.000899766060824186
mcomisiones_mantenimiento_delta2	0.000195919857638447	0.00113500667682061	0.000539859636494512
mtarjeta_visa_debitos_automaticos_max6_delta2	0.000195353377779727	0.000889516998406644	0.000359906424329674
mv_mpagominimo_delta1_delta2	0.000195272630411128	0.0001601437682941	0.000899766060824186
Visa_Fvencimiento_ratioavg6_delta1	0.000195083530293253	0.000667928914414291	0.0014396256973187
mactivos_margen_avg6	0.000194632800481346	0.000914910822503222	0.000539859636494512
mcuenta_corriente_delta1_delta2	0.000194467569306179	0.000753742612000502	0.000719812848659349
mcomisiones_ratioavg6_delta1_lag2	0.000194231018303214	0.000402059007387384	0.00125967248515386
Visa_mpagominimo_tend6_lag2	0.000194093559225778	0.00031336082613666	0.000899766060824186
mvr_msaldopesos2_lag1_delta2	0.000193949013562	0.000300897190687683	0.000899766060824186
mtransferencias_recibidas_lag2	0.00019293216202431	0.000727319408624418	0.000719812848659349
mcomisiones_mantenimiento_max6_delta1	0.000192349898135658	0.000490407890873	0.000359906424329674
cliente_edad_ratioavg6_delta2	0.000191901689710833	0.000811605082771746	0.0014396256973187
mrentabilidad_delta2	0.000191151379837912	0.0002005154311878	0.00107971927298902
Visa_mconsumospesos_lag2	0.000191136173266466	0.00018741614786239	0.000539859636494512
ctransferencias_recibidas_tend6_lag1_delta2	0.000190797814208388	0.000617362200143235	0.00161957890948353
chomebanking_trx_ratioavg6_lag2	0.00019076868873864	0.000255651404562848	0.00125967248515386
mrentabilidad_annual_ratiomax6	0.000190436550449659	0.000130022698825213	0.000539859636494512
mactivos_margen_ratiomax6	0.000190331099318129	0.000213391312055667	0.00107971927298902
mactivos_margen_ratiomax6_lag1	0.000189975709927501	0.000182272954268026	0.000539859636494512
Visa_mpagospesos_avg6_delta1	0.000187181658520725	0.000320620788872932	0.000899766060824186
ctarjeta_visa_descuentos_avg6	0.000186971138595448	0.0032823510987197	0.000539859636494512
mtransferencias_emitidas_tend6_delta2	0.000186832660691557	0.00139341666974041	0.000899766060824186
mcaja_ahorro_ratiomax6_delta1	0.000186816921613483	0.000260242880485822	0.00107971927298902
mcuentas_saldo_lag1	0.000186590363754371	0.000556247433926551	0.000899766060824186
mcuentas_saldo_tend6_lag2	0.000186585722845498	0.000694737209319399	0.00107971927298902
mcuenta_corriente_ratiomax6_delta2	0.000186288062755221	0.000238487677631429	0.00107971927298902
mcuenta_corriente_tend6_lag2	0.000183815737478038	0.000605357712286556	0.000719812848659349
Visa_mpagominimo_ratiomax6_delta2	0.000182235303253585	0.000383858495570132	0.00107971927298902
Visa_cconsumos_max6	0.000181865245972845	0.000588491443875953	0.00107971927298902
mactivos_margen_ratioavg6_lag1	0.000181818779335858	0.000448348984004379	0.00125967248515386
mtransferencias_recibidas_ratioavg6_lag1_lag2	0.000181666056632694	0.000296408158985571	0.000899766060824186
ctransferencias_emitidas_tend6	0.000181474351035964	0.000877416237667709	0.000899766060824186
mcuentas_saldo_ratioavg6_lag1_delta2	0.000180133638896382	0.000195083418946668	0.00107971927298902
mpasivos_margen_min6_lag2	0.000180010426470631	0.000291366175344348	0.0014396256973187
Master_fechaalta_ratioavg6	0.000179985388656117	0.000450173231696357	0.00197948533381321
mactivos_margen_ratioavg6_delta1_delta2	0.000179434679983942	0.000219476251921329	0.000539859636494512
mpasivos_margen_min6_lag1_lag2	0.000178590557443167	0.000240440289166414	0.00125967248515386
mcaja_ahorro_ratiomax6_lag2	0.000177084210858383	0.000688600430209445	0.00107971927298902
mtarjeta_visa_debitos_automaticos_avg6_lag1_delta2	0.000176527104882272	0.000404692934704488	0.000899766060824186
ctransferencias_recibidas_avg6_lag2	0.000176466073102276	0.000266835104384909	0.00107971927298902
mrentabilidad_annual_ratioavg6_delta1_delta2	0.0001762447131105	0.000321278653568348	0.000899766060824186
ccomisiones_otras_tend6_lag1_delta2	0.000175225625094372	0.000297098114641738	0.00107971927298902
mrentabilidad_avg6_delta1_lag2	0.000174676005146321	0.000514646440382507	0.000719812848659349
mtransferencias_recibidas_tend6_lag1_delta2	0.000173966811041561	0.000474095808669229	0.000899766060824186
chomebanking_trx_max6_lag1	0.000173594642258428	0.000238232184213134	0.000899766060824186
internet_tend6_lag1_lag2	0.000173555101418445	0.000323106604063489	0.000359906424329674
ctarjeta_visa_tend6	0.000172981942503965	0.000398954824068491	0.000179953212164837
Master_msaldopesos_ratioavg6	0.000172531070426837	0.000422277546928846	0.000899766060824186
mv_fultimo_cierre	0.000172270665547447	0.000276393273618112	0.00107971927298902
tmobile_app_tend6_lag1	0.000171628162958011	0.000873471518030659	0.000539859636494512
ctrx_quarter_ratiomax6_delta2	0.000171382786571552	0.000176500284135835	0.000539859636494512
Visa_mpagospesos_avg6_delta1_delta2	0.000171082253267176	0.000269106156991972	0.000899766060824186
Visa_cconsumos_avg6_delta2	0.000170546201123655	0.000125188072161156	0.000719812848659349
mcomisiones_otras_ratioavg6_lag1_delta2	0.000170507458549637	0.000868971377919056	0.00125967248515386
ctrx_quarter_min6_delta1	0.000170180885708227	0.000413731477227052	0.000899766060824186
mtarjeta_visa_debitos_automaticos_tend6_delta1	0.000168265677768614	0.0012471041055304	0.00107971927298902
ctarjeta_visa_trx_avg6_delta2	0.000168088341453225	0.000308838469206074	0.000899766060824186
mtransferencias_emitidas_ratiomax6	0.000168006372974808	0.000344707523452728	0.00125967248515386
Visa_cconsumos_max6_lag1_lag2	0.000167700489287863	0.00036654171944128	0.00107971927298902
mcomisiones_mantenimiento_avg6_lag1	0.000167216631561916	0.00141619261200026	0.000359906424329674
mtarjeta_visa_debitos_automaticos_tend6_delta1_delta2	0.000167164676599433	0.000931847444173935	0.00107971927298902
Visa_msaldopesos_avg6_delta1_lag2	0.00016675567347336	0.000289690039778918	0.000899766060824186
Visa_fechaalta_tend6_delta1	0.000166152374090994	0.000567694032773234	0.000719812848659349
ctrx_quarter_tend6_delta1	0.000164895587317588	0.00022200650074985	0.000539859636494512
mpasivos_margen_tend6_delta1_lag2	0.000164744313941368	0.000220489585720459	0.00125967248515386
mtarjeta_visa_debitos_automaticos_ratiomax6_lag1	0.000164742784590238	0.000877754427023326	0.000719812848659349
Master_Fvencimiento_max6_lag2	0.000164419285332129	0.000372662453070858	0.000719812848659349
Visa_cconsumos_avg6_lag1_lag2	0.000164358316781121	0.000261361127041256	0.000899766060824186
chomebanking_trx_lag2	0.000163004874621091	0.000158844084383645	0.000719812848659349
ctarjeta_master_trx_ratioavg6	0.000161755356958332	0.000473927948259142	0.000539859636494512
mactivos_margen_lag1_lag2	0.000161652669378126	0.000491046007284875	0.000539859636494512
chomebanking_trx_lag1_delta2	0.00016044732531361	0.000121998724369499	0.000719812848659349
mcaja_ahorro_ratioavg6_lag1_delta2	0.000159539400278858	0.000683032648518978	0.0014396256973187
mrentabilidad_min6	0.000158303900186198	0.000721313461892915	0.000719812848659349
mpasivos_margen_max6_lag1_delta2	0.000157935411527717	9.05113205332102e-05	0.000539859636494512
mcaja_ahorro_ratioavg6_delta1_delta2	0.000157766562468932	0.000195379643199763	0.000719812848659349
mprestamos_personales_ratiomax6_delta1	0.000156871247912323	0.000388025383397003	0.000359906424329674
Master_fultimo_cierre_avg6_lag1	0.00015639908075685	0.000494921607929536	0.000719812848659349
mcuentas_saldo_tend6_delta1	0.000155663623652453	0.000279980055616005	0.000539859636494512
ctrx_quarter_lag1	0.00015525098337768	0.00142138764483891	0.000539859636494512
chomebanking_trx_max6_delta2	0.000155016372220286	0.000216098061168324	0.000539859636494512
mv_mpagominimo_lag1	0.000154878056834652	0.000359269414027795	0.000719812848659349
mrentabilidad_ratiomax6_lag2	0.000154167244462998	0.000579004862170583	0.00125967248515386
internet_ratioavg6_delta1_delta2	0.000153644595629844	0.00037841660918723	0.000539859636494512
mprestamos_hipotecarios_avg6	0.000152945466789501	0.00206303653093278	0.000179953212164837
mactivos_margen_ratioavg6_delta2	0.000152761438821951	0.000552326165376204	0.00125967248515386
internet_tend6_delta2	0.000151825507544622	5.48915883662447e-05	0.000179953212164837
ccomisiones_otras_avg6_delta2	0.000151529981185679	0.000137792414130353	0.000539859636494512
ctarjeta_visa_debitos_automaticos_min6_lag1_lag2	0.000151513004202587	0.000964253143194819	0.000719812848659349
mcuenta_corriente_min6_delta2	0.000150585841995436	0.000261056262914112	0.000539859636494512
ctrx_quarter_avg6_delta1_delta2	0.000149830916537654	0.00034701807262687	0.000719812848659349
Visa_msaldototal_tend6_delta1	0.000149659913741489	0.000699334856580979	0.00107971927298902
Visa_Fvencimiento_ratiomax6_delta2	0.000149421434748388	0.000159511823220831	0.000359906424329674
mpayroll_min6_lag1_lag2	0.00014906690586476	0.000545287136562032	0.000179953212164837
Master_mpagospesos_tend6_lag1	0.000148849439889444	0.000656025636510753	0.000899766060824186
ctransferencias_recibidas_ratiomax6_lag1_lag2	0.000148334571926552	0.000450980442786041	0.00125967248515386
Master_mfinanciacion_limite_min6_lag1_lag2	0.000147866061925825	0.000393421601874219	0.000719812848659349
Master_mpagominimo_max6_delta1	0.000147049100433898	0.00121722371826716	0.000359906424329674
ccomisiones_otras_avg6_lag1_delta2	0.000146880794255247	0.000402934103201735	0.00125967248515386
mvr_Master_mlimitecompra_lag1	0.000146759427202068	0.000250218158053995	0.000539859636494512
ccaja_seguridad	0.000146746259765462	0.00125640801561303	0.000179953212164837
mcomisiones_otras_ratioavg6_lag1_lag2	0.000146657547520368	0.00020367762508959	0.00107971927298902
mv_fechaalta_lag1	0.000145617084895684	0.00126356676839616	0.00125967248515386
Visa_Fvencimiento_avg6_delta1_delta2	0.000145389207625439	0.000287418987171856	0.000719812848659349
mcomisiones_tend6_lag1_lag2	0.000145306550296844	0.000474113088417326	0.00107971927298902
Visa_fultimo_cierre	0.000145238395499741	0.000675388828521403	0.00161957890948353
Visa_cconsumos_ratiomax6_lag1_lag2	0.000145055151102356	0.000276684560800322	0.000719812848659349
Master_mfinanciacion_limite_lag1	0.000143661451836472	0.000380978948976503	0.000539859636494512
mtarjeta_visa_debitos_automaticos_max6_lag2	0.000142909301538462	0.000202738347353734	0.000539859636494512
mcomisiones_mantenimiento_tend6_delta2	0.000141881833458622	0.000592406541087694	0.000539859636494512
chomebanking_trx_delta1	0.000141714307268806	0.00122918253821815	0.000359906424329674
mtransferencias_emitidas_delta2	0.000141569033730709	0.000437634305916385	0.000899766060824186
mrentabilidad_max6_lag1_lag2	0.000140057493168654	0.000224147955246183	0.000719812848659349
mtarjeta_visa_debitos_automaticos_tend6_lag2	0.000139130676498038	0.000318765684487924	0.000539859636494512
Master_fechaalta_ratioavg6_lag1_lag2	0.000137905637097954	0.000616023019665701	0.000539859636494512
mplazo_fijo_dolares_tend6	0.000137555713062917	0.00189141530709897	0.000359906424329674
Visa_delinquency_tend6_delta1_delta2	0.000137100468306136	0.000882453284238047	0.000359906424329674
Visa_mpagominimo_avg6_delta2	0.000137007462417623	0.000564149215877863	0.000719812848659349
mpayroll_ratioavg6_delta1	0.000136613318597542	0.00085830483627219	0.000539859636494512
mrentabilidad_tend6_delta1_lag2	0.000136430531869351	0.000490768297047599	0.000899766060824186
mtransferencias_recibidas_avg6_lag2	0.000135611557052854	0.000417038080452226	0.000899766060824186
Visa_fultimo_cierre_avg6_delta1	0.000135453341331418	5.92991583987557e-05	0.000179953212164837
ctransferencias_recibidas_ratioavg6	0.000134647779704817	0.000722713121488789	0.00179953212164837
Visa_Fvencimiento_ratioavg6_delta1_lag2	0.000134351239335688	0.000354287909504913	0.000899766060824186
mextraccion_autoservicio_tend6_delta2	0.000134299126300738	0.000718312957062606	0.000719812848659349
Visa_cconsumos_min6_delta1_delta2	0.000134154479618773	0.00225395182778486	0.000539859636494512
mrentabilidad_annual_tend6_delta2	0.000133807658743878	0.000136691447323016	0.000539859636494512
mrentabilidad_tend6_delta2	0.000133626849526964	0.00024348769617013	0.000899766060824186
mtransferencias_emitidas_delta1	0.000133533075011073	0.000704537295025962	0.000719812848659349
mcomisiones_mantenimiento_max6_lag1_lag2	0.000133173900772784	0.00082731854513072	0.000539859636494512
mrentabilidad_annual_tend6_delta1_delta2	0.000132377124641078	0.000602664540118833	0.000719812848659349
Visa_mconsumospesos_min6_delta1_delta2	0.000131330459153944	0.000381699761325701	0.000539859636494512
Visa_fultimo_cierre_ratioavg6_delta1_delta2	0.000129247811408649	5.48323435156257e-05	0.000359906424329674
ccajas_consultas_avg6_lag1	0.000129092936450035	0.00115518818833043	0.00107971927298902
mrentabilidad_annual_min6_delta1_delta2	0.000128446607271925	0.000257828652823097	0.000539859636494512
mpayroll_max6_lag1_delta2	0.000127300757732652	0.000842205048116471	0.000359906424329674
mactivos_margen_ratioavg6_delta1_lag2	0.000126148838210597	0.000251520310499892	0.00125967248515386
Visa_cconsumos_tend6	0.000125818498366424	0.000110869332327171	0.000539859636494512
mrentabilidad_annual_lag1_delta2	0.000125605149931918	0.000294059347512071	0.000719812848659349
mrentabilidad_ratioavg6_lag2	0.000125115533304867	0.000195034048237819	0.000719812848659349
Visa_mpagospesos_tend6_lag1_lag2	0.000124987517328492	0.000110545954184209	0.000539859636494512
mcuentas_saldo_tend6_lag1	0.000124664330263509	0.000100735994335876	0.000359906424329674
chomebanking_trx_ratioavg6	0.000124515953565269	7.59124019265063e-05	0.000539859636494512
cliente_edad_min6	0.000124448656187813	0.000356633018175249	0.000719812848659349
ccomisiones_otras_tend6_lag2	0.000123777523957504	0.000213375266575291	0.000359906424329674
Visa_Fvencimiento_tend6_delta2	0.000123454807158113	0.00015990308608846	0.000719812848659349
ctrx_quarter_min6_delta2	0.000123399203685473	0.00024317666070438	0.000539859636494512
mcuenta_corriente_ratioavg6_delta2	0.000123110122237446	6.28526151681757e-05	0.000359906424329674
ctrx_quarter_ratiomax6_lag1	0.000122423700447645	9.11247515906613e-05	0.000359906424329674
chomebanking_trx_ratiomax6	0.000122225742837806	0.000154615483170713	0.000899766060824186
Visa_mconsumospesos_avg6_delta2	0.000121979527679313	0.000126272993488117	0.000359906424329674
Visa_mlimitecompra_ratioavg6	0.000121757507981969	0.0002664043449502	0.000359906424329674
mrentabilidad_ratioavg6	0.00012037494689738	0.000200037769579684	0.000719812848659349
mcomisiones_ratioavg6	0.000119941234574635	0.00021762978741037	0.000899766060824186
ctarjeta_visa_trx_avg6_delta1_delta2	0.00011928681356808	0.000252304070502873	0.000899766060824186
ctrx_quarter_ratiomax6_delta1_lag2	0.000119003861873987	7.7002260324352e-05	0.000359906424329674
mvr_mconsumospesos	0.000118839882929153	0.000771069262271123	0.000719812848659349
mtransferencias_recibidas_lag1_lag2	0.000118653610085566	0.000151126208322797	0.000539859636494512
Visa_Fvencimiento_max6_delta2	0.0001175544282317	0.000217864298277403	0.000359906424329674
mprestamos_personales_delta1_delta2	0.000117289237955321	0.000823266444201923	0.000359906424329674
ctarjeta_visa_debitos_automaticos_ratiomax6_lag1_lag2	0.000116906517587943	0.000405170596312604	0.000359906424329674
mcomisiones_mantenimiento_avg6_delta1_lag2	0.000115005962163426	0.000279827006418572	0.000539859636494512
mpagomiscuentas_tend6	0.000114010334818459	0.000675802308208015	0.000539859636494512
Visa_cconsumos_min6_lag1_delta2	0.000113224329349559	3.78253685848028e-05	0.000179953212164837
ctransferencias_recibidas_avg6_delta2	0.00011185149175942	0.000256617836188571	0.000539859636494512
ccajas_consultas_tend6_delta1_lag2	0.000110221346645811	0.000562822378077541	0.000539859636494512
cmobile_app_trx_ratioavg6_lag1_lag2	0.000109472071290817	0.000406891165515998	0.000899766060824186
mcaja_ahorro_delta1	0.00010878751772	0.000647954759881633	0.000719812848659349
Visa_mpagominimo_ratiomax6_lag1_delta2	0.000108299998517012	0.000106861665036339	0.000539859636494512
mtransferencias_recibidas_min6	0.000108271785545286	6.19688794797753e-05	0.000359906424329674
mtransferencias_recibidas_ratioavg6_lag2	0.00010815985443051	9.05360058876348e-05	0.000539859636494512
mrentabilidad_lag1	0.000107995241713875	0.000344884023736864	0.000719812848659349
mcuentas_saldo_tend6_delta2	0.000107468318008408	0.000378246280241701	0.000899766060824186
ctrx_quarter_delta1	0.000106999457284392	0.000141020024221369	0.000359906424329674
cproductos_delta2	0.00010690118560678	0.000426467885842421	0.000359906424329674
Visa_mpagominimo_tend6_delta1_lag2	0.000106302142325622	0.000102876214564488	0.000359906424329674
Visa_mconsumosdolares_tend6_delta1_lag2	0.000105373909177498	0.00110324526555021	0.000359906424329674
mcomisiones_mantenimiento_tend6_lag1_lag2	0.00010476764198454	4.05691457290962e-05	0.000179953212164837
cforex_buy_ratioavg6	0.000104616295499803	0.00205463363628665	0.000179953212164837
Visa_msaldopesos_tend6	0.000103543219561058	0.000197435933223332	0.000539859636494512
mcuenta_corriente_avg6_delta1_delta2	0.000103440619661674	0.000147627059333111	0.000539859636494512
Master_mpagospesos_avg6_delta2	0.000103045513204961	0.00211774544767628	0.000539859636494512
ccomisiones_mantenimiento_tend6_delta2	0.000102862890476955	0.00032009622509141	0.000359906424329674
mcomisiones_mantenimiento_max6_lag2	0.000101788817693707	0.00093231399737256	0.000359906424329674
Visa_mconsumosdolares_ratioavg6_delta2	0.00010160402949638	0.000892366922574963	0.000539859636494512
mvr_msaldopesos2_lag2	0.000101189516062859	0.000296552568308955	0.000719812848659349
mv_msaldototal_lag1	0.000101185429395578	0.00054505385996272	0.000359906424329674
Visa_mpagospesos_ratiomax6_delta1_delta2	0.000101168327930418	0.000854079937862421	0.000539859636494512
chomebanking_trx_max6_delta1_delta2	0.000100363438729278	0.000370208728841053	0.000359906424329674
cproductos_lag1	9.98238879974557e-05	0.000854105857484567	0.000359906424329674
mactivos_margen_tend6_delta2	9.95772455493217e-05	0.000104509150759675	0.000359906424329674
cmobile_app_trx_ratioavg6_delta1_delta2	9.84613519777247e-05	0.000367783392768837	0.000719812848659349
cpagomiscuentas_ratioavg6	9.79467295211356e-05	0.000486170649786018	0.000899766060824186
Visa_mpagominimo_ratioavg6	9.74000106968542e-05	7.35660589884488e-05	0.000359906424329674
mtransferencias_recibidas_ratiomax6_delta1_delta2	9.71755874335343e-05	0.000438348946926977	0.000899766060824186
ctrx_quarter_max6_delta2	9.68757371751129e-05	0.000943334773855419	0.000539859636494512
Master_msaldototal_ratiomax6_lag2	9.50203808439777e-05	0.000407919310527782	0.000539859636494512
ctransferencias_emitidas_ratioavg6_lag1_delta2	9.42190450625267e-05	0.000387916767837535	0.000899766060824186
mcaja_ahorro_ratiomax6_delta1_lag2	9.40551066237635e-05	0.000585539075486772	0.000539859636494512
ctransferencias_recibidas_avg6	9.39284587152043e-05	0.000307675789012676	0.000539859636494512
cextraccion_autoservicio_avg6_lag2	9.33562442837218e-05	0.000177261827319834	0.000359906424329674
mtarjeta_master_consumo_tend6_lag1	9.29904606403534e-05	0.000614791220479914	0.000179953212164837
mcaja_ahorro_ratioavg6_lag1_lag2	9.29531990077725e-05	5.02939411046644e-05	0.000359906424329674
mvr_msaldopesos2_delta2	9.2486367539068e-05	6.91671288299864e-05	0.000539859636494512
Visa_cconsumos_lag1	9.23223495700942e-05	0.000151481677426511	0.000359906424329674
cpagomiscuentas_avg6_lag1	9.19403768360935e-05	0.000182429706268622	0.000539859636494512
ctrx_quarter_ratioavg6_lag1_delta2	9.14886516616138e-05	0.000331851390868401	0.000359906424329674
cmobile_app_trx_lag1_lag2	9.05732836365002e-05	0.000458473682121626	0.000719812848659349
mcaja_ahorro_delta2	8.99175165440829e-05	0.000320245571485679	0.000899766060824186
cliente_edad_ratioavg6_lag1_delta2	8.96028177854037e-05	0.000631255117613396	0.000719812848659349
mprestamos_personales_tend6_delta1	8.92936672468663e-05	0.00023107096289456	0.000179953212164837
mcomisiones_avg6_delta1_delta2	8.91170874564303e-05	0.000318415152455095	0.000539859636494512
ccajas_trx_tend6_delta1_delta2	8.88600023458618e-05	0.000189020695899988	0.000359906424329674
mpasivos_margen_tend6_delta1_delta2	8.7451206171306e-05	0.000122715833915533	0.000539859636494512
ccomisiones_otras_ratioavg6_delta2	8.71316271104104e-05	9.30699575193192e-05	0.000359906424329674
Visa_msaldopesos_max6_delta2	8.66361153682457e-05	0.000260109579571929	0.000359906424329674
ctransferencias_recibidas_tend6_lag2	8.5708861929816e-05	0.000209619389899589	0.000719812848659349
ctarjeta_visa_trx_tend6_delta1_lag2	8.53912670180059e-05	0.000181074480310712	0.000539859636494512
mcuentas_saldo_ratiomax6_delta2	8.46313593136156e-05	0.000245509426697504	0.000359906424329674
mpayroll_tend6_delta2	8.45452256256601e-05	0.000429430128373372	0.000179953212164837
ccajas_consultas_avg6_lag1_delta2	8.26559039668837e-05	0.00127986774219044	0.000179953212164837
Visa_msaldopesos_min6_delta2	8.19441199435262e-05	0.00042991025851693	0.000359906424329674
Visa_mconsumospesos_min6_delta1	8.18766136140258e-05	0.00118427370718121	0.000359906424329674
chomebanking_trx_min6_lag1_lag2	8.09592726469178e-05	0.000397982221104162	0.000179953212164837
Visa_delinquency_tend6_delta2	8.0817702944343e-05	0.000482943039695003	0.000179953212164837
ctrx_quarter_avg6_lag1_delta2	8.07574081772306e-05	0.000129920254604351	0.000539859636494512
Master_fultimo_cierre_max6_delta2	7.97584909490175e-05	0.000823184982532322	0.000359906424329674
mcuentas_saldo_delta1_lag2	7.90273702170035e-05	7.48595715602974e-05	0.000359906424329674
thomebanking_tend6_delta1_delta2	7.77730286270917e-05	0.000771453119532425	0.000539859636494512
Visa_msaldototal_avg6_delta1_lag2	7.77188818910417e-05	2.54209779864452e-05	0.000179953212164837
mvr_msaldopesos	7.70981723082259e-05	0.000848262834092266	0.000719812848659349
mprestamos_prendarios_min6	7.70196799421814e-05	0.00124267185014347	0.000179953212164837
internet_avg6	7.68052257413618e-05	0.00046770230187326	0.000359906424329674
mforex_sell_avg6	7.63263740963872e-05	0.000219610787102943	0.000359906424329674
mprestamos_personales_tend6_delta1_delta2	7.43079657672522e-05	0.00103573205546667	0.000359906424329674
Master_mpagominimo_max6_lag1_lag2	7.39690448109472e-05	0.000239046800909146	0.000719812848659349
mcomisiones_ratiomax6_lag1_delta2	7.36403076734099e-05	0.00023058959848328	0.000719812848659349
mtransferencias_emitidas_ratiomax6_delta1	7.32823281171972e-05	0.000165365955022623	0.000719812848659349
ctransferencias_emitidas_tend6_lag1_delta2	7.24038342001291e-05	0.000574282553869158	0.00107971927298902
ccomisiones_otras_avg6_delta1_delta2	7.22087181898955e-05	0.000573999906560997	0.000719812848659349
mcaja_ahorro_max6_delta1_lag2	7.20452233419963e-05	0.000458456402373528	0.000719812848659349
mcuenta_corriente_tend6_lag1	7.20077552272537e-05	2.25130432352282e-05	0.000179953212164837
Master_mpagospesos_avg6_delta1	7.17550755222792e-05	0.000213075339519032	0.000899766060824186
ctrx_quarter_ratioavg6_lag2	7.15107180857704e-05	0.000111407473053628	0.000359906424329674
cplazo_fijo_ratioavg6	7.01739486193307e-05	0.00102252785938495	0.000179953212164837
mcaja_ahorro_dolares_min6_delta2	7.00582840304451e-05	0.000285921820426004	0.000719812848659349
ctransferencias_recibidas_avg6_lag1_delta2	7.00095749873033e-05	9.07273173844253e-05	0.000359906424329674
mtransferencias_recibidas_max6_lag2	6.89035429148318e-05	0.000100911260352291	0.000359906424329674
chomebanking_trx_min6	6.86109438604096e-05	6.79081757543322e-05	0.000179953212164837
mcuenta_corriente_ratiomax6_lag1_lag2	6.70013235305982e-05	2.05061239205088e-05	0.000179953212164837
Visa_msaldototal_ratiomax6_lag1	6.66681858037375e-05	0.000102689840138583	0.000719812848659349
ccajas_trx_tend6_lag1_delta2	6.57606048235917e-05	9.59482698452266e-05	0.000359906424329674
mcaja_ahorro_dolares_max6_lag1_lag2	6.56713333971411e-05	2.71896836309672e-05	0.000179953212164837
mrentabilidad_annual_ratioavg6_lag2	6.52077858839648e-05	0.000152333322154159	0.000359906424329674
mtarjeta_visa_debitos_automaticos_max6	6.45876611692816e-05	5.17577826220427e-05	0.000359906424329674
Visa_msaldototal_min6	6.39386576025999e-05	5.32635892419428e-05	0.000359906424329674
mpasivos_margen_delta2	6.39342740554645e-05	9.53879122997884e-05	0.000359906424329674
mrentabilidad_avg6_lag2	6.33842954805016e-05	4.87239525632603e-05	0.000359906424329674
mextraccion_autoservicio_tend6	6.26757240330734e-05	0.000785949593918267	0.000719812848659349
mextraccion_autoservicio_tend6_lag2	6.24279708788616e-05	4.8517829853815e-05	0.000179953212164837
ctransferencias_emitidas_ratiomax6_delta1_lag2	6.2372499297937e-05	0.000773393388390198	0.000539859636494512
Visa_fultimo_cierre_tend6_lag1_delta2	6.19266010698185e-05	0.000238751810923772	0.000539859636494512
mrentabilidad_annual_min6_delta1_lag2	6.17270340846621e-05	9.2612044194743e-05	0.000179953212164837
mcomisiones_max6	6.09733534475685e-05	0.0001898760434308	0.000539859636494512
mextraccion_autoservicio_tend6_lag1_delta2	6.07316319929621e-05	0.000173823157448488	0.000179953212164837
Visa_mconsumospesos_avg6_delta1_lag2	6.0129138780184e-05	4.86696447835262e-05	0.000179953212164837
mtarjeta_visa_consumo_min6_lag2	5.78416088629871e-05	4.09875624865931e-05	0.000179953212164837
mextraccion_autoservicio_avg6_delta1_lag2	5.78232956735626e-05	0.000289179052942329	0.000359906424329674
ctrx_quarter_max6_lag1_lag2	5.69875467748064e-05	0.000486944535647229	0.000899766060824186
ctarjeta_visa_trx_tend6_lag1	5.65308324380472e-05	0.000108082355812635	0.000179953212164837
chomebanking_trx_tend6_lag2	5.63587231346042e-05	2.12158278602159e-05	0.000179953212164837
mcuentas_saldo_ratioavg6_lag1_lag2	5.59103683615337e-05	5.06469416729361e-05	0.000359906424329674
mcuenta_corriente_max6_delta1_delta2	5.58822176308422e-05	0.000105736012874577	0.000179953212164837
Visa_cconsumos_min6	5.58093975965259e-05	0.000155815191395748	0.000359906424329674
mrentabilidad_avg6_delta1	5.57911520818768e-05	5.32796347223188e-05	0.000179953212164837
chomebanking_trx_lag1	5.5722793395989e-05	8.65678351638815e-05	0.000359906424329674
mrentabilidad_tend6_lag1_delta2	5.41745528525917e-05	8.30625148355894e-05	0.000359906424329674
mprestamos_personales_tend6_delta2	5.35719371336508e-05	0.000250893302497508	0.000179953212164837
Visa_mpagospesos_ratiomax6_lag1_lag2	5.31642909609221e-05	0.000288241009474195	0.000539859636494512
Visa_mconsumosdolares_min6	5.22413443489084e-05	0.000303738474981954	0.000359906424329674
Visa_fechaalta_max6_delta2	5.20570733449386e-05	0.000265688469671887	0.000179953212164837
mprestamos_personales_avg6_lag1_lag2	5.03535895834737e-05	3.50877627791155e-05	0.000179953212164837
Visa_mconsumosdolares_ratioavg6_lag1	4.94107446115646e-05	0.000144325393178821	0.000359906424329674
ccajas_depositos_ratioavg6_delta1_delta2	4.93181319283162e-05	0.000403680835173079	0.000179953212164837
ctrx_quarter_ratioavg6_delta1	4.86471004692059e-05	6.07025207977937e-05	0.000359906424329674
matm_avg6	4.7736624786985e-05	6.6197480692708e-05	0.000179953212164837
mrentabilidad_annual_min6	4.75072072981269e-05	0.000390245831027495	0.000539859636494512
Visa_msaldototal_ratiomax6_lag1_lag2	4.67605766931177e-05	0.000125385554996553	0.000359906424329674
ccallcenter_trx_delta2	4.67573802949177e-05	0.00065120458679163	0.000359906424329674
ccuenta_debitos_automaticos_avg6_delta1_delta2	4.50879229906813e-05	0.000143748990153007	0.000179953212164837
chomebanking_trx_ratioavg6_delta1_lag2	4.47373152922189e-05	5.35499393532681e-05	0.000359906424329674
Visa_fultimo_cierre_ratiomax6_lag1_lag2	4.44501183643995e-05	9.42165922323415e-05	0.000359906424329674
mtarjeta_visa_debitos_automaticos_ratiomax6_lag2	4.40436155465055e-05	0.000120780502128645	0.000359906424329674
ctrx_quarter_min6_lag1_lag2	4.35009341925367e-05	0.000467350535572709	0.000359906424329674
mpasivos_margen_max6_lag1	4.33505894920675e-05	0.000125283110775691	0.000539859636494512
mpayroll_ratioavg6_delta2	4.31385100830953e-05	0.00011156052225106	0.000179953212164837
Master_mpagominimo_max6_lag1_delta2	4.21494150828789e-05	0.00149218647559636	0.000359906424329674
ccomisiones_otras_ratioavg6	4.21024458248409e-05	0.000152787532675572	0.000359906424329674
Visa_mpagospesos_lag1	4.12011620566494e-05	4.51445761716944e-05	0.000359906424329674
internet_tend6_delta1	4.11467969830026e-05	7.28378410329233e-05	0.000179953212164837
internet_avg6_delta2	4.11410391933462e-05	0.00021447870191807	0.000179953212164837
matm_other_avg6_lag1_lag2	4.10961189496781e-05	2.79648037598994e-05	0.000179953212164837
Visa_mconsumosdolares_max6	4.06760434646736e-05	7.59876922575013e-05	0.000359906424329674
Visa_delinquency_tend6_lag1	4.05692080875992e-05	0.000450705201084207	0.000359906424329674
cmobile_app_trx_ratioavg6_delta1_lag2	3.95915851967668e-05	5.81944887882552e-05	0.000179953212164837
mpasivos_margen_ratiomax6_delta1	3.88819850433537e-05	0.000174418074490121	0.000539859636494512
chomebanking_trx_ratiomax6_lag1_delta2	3.85922900765593e-05	8.80316766812599e-05	0.000539859636494512
tmobile_app_avg6_delta1	3.85268278216641e-05	0.000507248239661456	0.000539859636494512
Visa_mpagospesos_tend6	3.81946484091422e-05	0.000145933644019584	0.000359906424329674
mextraccion_autoservicio_ratioavg6	3.79446864391748e-05	0.000129846198541077	0.000539859636494512
Visa_Fvencimiento_tend6_lag1_lag2	3.58863191189809e-05	0.000158159065798363	0.000179953212164837
Master_fechaalta_avg6_delta1_lag2	3.4865625432359e-05	2.46582005347253e-05	0.000179953212164837
mvr_Master_mlimitecompra	3.36788291960881e-05	0.000100396570712538	0.000179953212164837
mtarjeta_visa_debitos_automaticos_tend6	3.33110419841845e-05	4.42707146250639e-05	0.000179953212164837
cextraccion_autoservicio_ratioavg6_lag1	3.27251602119149e-05	2.66935080070329e-05	0.000179953212164837
mcuenta_corriente_min6_lag1_delta2	3.22099427606757e-05	8.51447244813038e-05	0.000179953212164837
thomebanking_avg6_delta2	3.12506819629377e-05	8.58680053659444e-05	0.000179953212164837
mpasivos_margen_tend6_lag1_delta2	2.97818528287949e-05	0.00013252949656703	0.000359906424329674
mcomisiones_otras_min6_lag1_delta2	2.67508764788714e-05	0.00014342067493916	0.000179953212164837
Visa_Fvencimiento_avg6_delta1	2.63291984107258e-05	6.12579412723471e-05	0.000179953212164837
mcomisiones_otras_min6	2.56553512857746e-05	6.30426923972451e-05	0.000179953212164837
Master_fechaalta_tend6_delta2	2.51316374393663e-05	7.58988249815728e-05	0.000359906424329674
Visa_mconsumosdolares_ratiomax6_lag1_lag2	2.50639824229504e-05	2.30968518673698e-05	0.000179953212164837
mextraccion_autoservicio_tend6_lag1	2.37152587260985e-05	0.000127604768359324	0.000179953212164837
Visa_mpagospesos_ratioavg6	2.36012017836128e-05	5.29229313508835e-05	0.000359906424329674
matm_tend6_delta1	2.3535642956319e-05	6.61444071806951e-05	0.000179953212164837
Master_Fvencimiento_ratioavg6_lag2	2.14666462505875e-05	3.65651812414274e-05	0.000179953212164837
ccallcenter_trx_avg6_lag1_delta2	2.0841375783086e-05	0.000197244621726541	0.000359906424329674
mpagomiscuentas_min6_delta2	1.98204380720912e-05	0.000364950748348615	0.000179953212164837
ccajas_consultas_tend6_delta1_delta2	1.9561102651744e-05	0.000148795910865115	0.000359906424329674
mtransferencias_emitidas_avg6_delta1_lag2	1.79729601715694e-05	0.000105213917628497	0.000179953212164837
internet_ratioavg6	1.78061048017903e-05	4.17577455446404e-05	0.000179953212164837
mrentabilidad_annual_max6_delta1_delta2	1.77451777448049e-05	5.79760234015975e-05	0.000179953212164837
cmobile_app_trx_tend6_lag2	1.72690417354374e-05	0.000109878215347024	0.000179953212164837
mtarjeta_visa_debitos_automaticos_lag1_delta2	1.6911175546823e-05	2.49704702681964e-05	0.000179953212164837
Visa_mpagospesos_ratioavg6_lag2	1.67456993593295e-05	2.16157306018943e-05	0.000179953212164837
ctrx_quarter_max6_delta1	1.41410513719772e-05	0.000649691374565403	0.000179953212164837
mtransferencias_recibidas_ratioavg6_delta1_delta2	1.4067099143607e-05	0.000117570171785727	0.000179953212164837
Visa_mconsumosdolares_avg6_delta1_lag2	1.40047784555244e-05	3.88411709193748e-05	0.000359906424329674
mcomisiones_mantenimiento_avg6_delta1_delta2	1.33516759956443e-05	4.67306101934745e-05	0.000179953212164837
mpayroll_max6_delta2	1.30578345904169e-05	0.000254269024715071	0.000359906424329674
mautoservicio_avg6_delta1_lag2	1.28929872349612e-05	3.26846435258814e-05	0.000179953212164837
Visa_msaldopesos_lag2	1.24300601562228e-05	3.20057962792052e-05	0.000179953212164837
cpagomiscuentas_tend6_lag1_lag2	1.11084577431128e-05	3.87806918010345e-05	0.000179953212164837
Master_msaldototal_max6_delta2	1.08828593715337e-05	0.000229455306447471	0.000359906424329674
mprestamos_personales_avg6_delta1_delta2	1.04671498357532e-05	0.000830810288514079	0.000179953212164837
ccajas_trx_tend6_delta1	1.03622460301445e-05	0.000562536027966216	0.000179953212164837
Visa_fultimo_cierre_avg6_delta2	9.27309115751858e-06	2.17292832322474e-05	0.000179953212164837
ccuenta_debitos_automaticos_avg6_delta1	7.23364807563441e-06	0.000416909716609218	0.000179953212164837
mtransferencias_emitidas_avg6_delta1	7.05036848242651e-06	0.00069752912290482	0.000179953212164837
ccomisiones_otras_ratiomax6_delta1_lag2	6.88550037995934e-06	4.56605000791684e-05	0.000179953212164837
chomebanking_trx_max6_lag1_delta2	6.2295164318746e-06	2.82820105642554e-05	0.000179953212164837
mcuenta_corriente_min6_delta1_lag2	6.22194920643305e-06	0.000107159123557155	0.000179953212164837
cliente_edad_ratioavg6_delta1_delta2	4.81525144389335e-06	7.97485060040879e-05	0.000179953212164837
internet_tend6	3.78871080486341e-06	2.90694733703999e-05	0.000179953212164837
mrentabilidad_annual_max6_delta1_lag2	3.57913313968968e-06	4.29636251082817e-05	0.000179953212164837
Visa_cconsumos_lag1_delta2	1.95193317550178e-06	0.000153073882786897	0.000179953212164837
ccomisiones_mantenimiento_tend6_lag1_lag2	1.62926466231046e-06	0.000105669362417631	0.000179953212164837
mrentabilidad_ratioavg6_delta1	5.19091461652809e-07	6.60098719990811e-05	0.000179953212164837
Visa_mconsumosdolares_ratioavg6_delta1_delta2	8.91503173148647e-08	3.96656617571562e-05	0.000179953212164837
