fecha	gamma	alpha	lambda	subsample	tree_method	grow_policy	max_bin	max_leaves	scale_pos_weight	eta	colsample_bytree	min_child_weight	max_depth	prob_corte	nrounds	ganancia	iteracion
20220421 174943	0	0	0	1	auto	depthwise	256	0	1	0.0145118350304731	0.596414149184607	10	17	0.0140614507960835	187	13798000	86
20220421 041632	0	0	0	1	auto	depthwise	256	0	1	0.0116831154300549	0.605806926354277	10	22	0.0142406906607956	162	13687000	66
20220421 151022	0	0	0	1	auto	depthwise	256	0	1	0.0145008912537196	0.60366446452986	10	23	0.0138131478483553	187	13665000	83
20220420 183607	0	0	0	1	auto	depthwise	256	0	1	0.0335125952255221	0.37450162903725	10	4	0.0148678134917976	293	13546000	53
20220420 221807	0	0	0	1	auto	depthwise	256	0	1	0.0102990125914251	0.909592567661174	10	30	0.0139506929078745	234	13522000	56
20220419 231724	0	0	0	1	auto	depthwise	256	0	1	0.0100131803092213	0.638440569364154	10	6	0.0139219004556276	295	13521000	32
20220420 120652	0	0	0	1	auto	depthwise	256	0	1	0.0207638541268262	0.590919140039919	10	7	0.0128379482355858	139	13493000	41
20220421 162228	0	0	0	1	auto	depthwise	256	0	1	0.0102569935997362	0.616209518227738	10	22	0.01349528522271	206	13458000	84
20220420 130706	0	0	0	1	auto	depthwise	256	0	1	0.022126994867493	0.563943360795928	10	21	0.0129950248681318	135	13450000	43
20220419 223541	0	0	0	1	auto	depthwise	256	0	1	0.0101604916183129	0.461717822992062	10	4	0.0129745226968624	575	13434000	31
20220420 002131	0	0	0	1	auto	depthwise	256	0	1	0.0101398865647687	0.629350110720354	10	15	0.012904851335677	200	13427000	33
20220420 171943	0	0	0	1	auto	depthwise	256	0	1	0.0101415972300216	0.999912380828516	10	30	0.012222026973546	208	13420000	50
20220421 073248	0	0	0	1	auto	depthwise	256	0	1	0.0102463334679014	0.612418416005838	9	22	0.0139147944301703	176	13397000	69
20220420 135649	0	0	0	1	auto	depthwise	256	0	1	0.0100289479702292	0.559773171180966	10	6	0.0135497817758157	329	13390000	46
20220421 210910	0	0	0	1	auto	depthwise	256	0	1	0.0100149550134463	0.570633642540779	10	3	0.0191656194153032	986	13388000	90
20220419 155655	0	0	0	1	auto	depthwise	256	0	1	0.0234974863866444	0.461351597508866	10	9	0.0140255324981689	136	13376000	27
20220420 152256	0	0	0	1	auto	depthwise	256	0	1	0.0100831714054816	0.479755506026011	10	23	0.0124006501417792	169	13361000	49
20220421 104036	0	0	0	1	auto	depthwise	256	0	1	0.0750752667322063	0.335291618949317	10	3	0.018250212422051	97	13354000	76
20220421 165847	0	0	0	1	auto	depthwise	256	0	1	0.0193041504992887	0.564370638547285	10	23	0.0148061438621094	88	13348000	85
20220420 222707	0	0	0	1	auto	depthwise	256	0	1	0.0423114058066891	0.419097074925896	10	5	0.0139337431798818	118	13325000	57
20220420 101758	0	0	0	1	auto	depthwise	256	0	1	0.0101448044777141	0.820009074155526	10	22	0.0127135554035103	161	13323000	38
20220420 224751	0	0	0	1	auto	depthwise	256	0	1	0.0101958009567605	0.305720819964472	10	2	0.016273922027455	918	13309000	58
20220422 014536	0	0	0	1	auto	depthwise	256	0	1	0.0100432721530025	0.569153226362067	10	30	0.0140139058413906	190	13298000	97
20220420 013207	0	0	0	1	auto	depthwise	256	0	1	0.0100307182912357	0.637279624518721	10	12	0.0143677689955643	265	13272000	35
20220420 182333	0	0	0	1	auto	depthwise	256	0	1	0.0186627580627999	0.700157575461152	10	7	0.0152070601369951	207	13269000	52
20220421 005631	0	0	0	1	auto	depthwise	256	0	1	0.0164593245820608	0.606121280464344	8	4	0.0163539083853054	252	13258000	60
20220421 214143	0	0	0	1	auto	depthwise	256	0	1	0.0245975352038552	0.200009111511282	10	2	0.0207946388155002	633	13236000	94
20220421 014004	0	0	0	1	auto	depthwise	256	0	1	0.0130276259069799	0.646129841830174	9	9	0.0125809979282377	210	13218000	61
20220421 091424	0	0	0	1	auto	depthwise	256	0	1	0.152669839054477	0.443967917276989	10	2	0.0185819184842603	98	13217000	71
20220421 141348	0	0	0	1	auto	depthwise	256	0	1	0.141061237747108	0.608226682212041	7	3	0.0148703202989309	65	13216000	82
20220421 062123	0	0	0	1	auto	depthwise	256	0	1	0.0114388681138519	0.994848596036798	7	22	0.0138905851448434	141	13213000	68
20220419 153709	0	0	0	1	auto	depthwise	256	0	1	0.0466604471530143	0.568457711555262	10	2	0.0153461593605342	254	13207000	26
20220425 084403	0	0	0	1	auto	depthwise	256	0	1	0.0198624828626379	0.957131353837393	10	17	0.0141462707756373	136	13187000	113
20220420 111306	0	0	0	1	auto	depthwise	256	0	1	0.010224049835767	0.925832889742069	10	5	0.0129231612118183	406	13180000	39
20220420 122953	0	0	0	1	auto	depthwise	256	0	1	0.02035002100082	0.781494657715049	7	2	0.0134556196758404	601	13146000	42
20220421 003513	0	0	0	1	auto	depthwise	256	0	1	0.0101141524762925	0.994031085757468	10	28	0.0142667421853772	165	13144000	59
20220421 020730	0	0	0	1	auto	depthwise	256	0	1	0.0100838115365571	0.343623609858077	10	6	0.0116753482416108	232	13131000	63
20220421 091111	0	0	0	1	auto	depthwise	256	0	1	0.0107177453022964	0.853678361065612	6	16	0.0132149664674127	241	13128000	70
20220421 025246	0	0	0	1	auto	depthwise	256	0	1	0.0102129457836137	0.312502982486369	10	15	0.0139479946016479	371	13100000	64
20220425 050158	0	0	0	1	auto	depthwise	256	0	1	0.0170302073925048	0.817358962012591	9	30	0.0141259331573403	162	13095000	108
20220420 202807	0	0	0	1	auto	depthwise	256	0	1	0.0525297047491603	0.851862497313363	7	5	0.013869858804812	98	13092000	55
20220419 160856	0	0	0	1	auto	depthwise	256	0	1	0.0661940095970971	0.532481783387135	9	7	0.0144269646477357	51	13056000	29
20220420 175149	0	0	0	1	auto	depthwise	256	0	1	0.0111208172359616	0.635065386589919	10	2	0.01285072098966	960	13055000	51
20220421 031535	0	0	0	1	auto	depthwise	256	0	1	0.0116944878204747	0.367649761517404	7	2	0.0147326487530098	952	13053000	65
20220420 023939	0	0	0	1	auto	depthwise	256	0	1	0.0100218105569475	0.606887683990408	10	30	0.011010226659158	144	13040000	36
20220420 142317	0	0	0	1	auto	depthwise	256	0	1	0.0329941849100053	0.66651898767661	10	20	0.0124959077305606	55	13026000	47
20220425 113120	0	0	0	1	auto	depthwise	256	0	1	0.1447347162877	0.829813883814569	10	2	0.0176605048166716	74	13017000	116
20220421 214614	0	0	0	1	auto	depthwise	256	0	1	0.110742356529006	0.630752835889452	10	2	0.021186835272599	112	13004000	95
20220421 113235	0	0	0	1	auto	depthwise	256	0	1	0.0103074661142167	0.998453822486921	2	4	0.0128902643059175	382	12996000	78
20220421 042220	0	0	0	1	auto	depthwise	256	0	1	0.145457125738143	0.998775242298863	7	3	0.014212478999809	57	12990000	67
20220422 033934	0	0	0	1	auto	depthwise	256	0	1	0.0112530483143182	0.799565980707772	1	2	0.0121118347411138	1214	12936000	99
20220424 232651	0	0	0	1	auto	depthwise	256	0	1	0.0124487293858287	0.750885885550306	2	2	0.0148511907472661	763	12936000	103
20220421 102640	0	0	0	1	auto	depthwise	256	0	1	0.0126227500547473	0.990381670449217	0	2	0.0136850733059993	1196	12932000	73
20220419 160030	0	0	0	1	auto	depthwise	256	0	1	0.099043642857481	0.21404035489491	10	6	0.0133804806536808	55	12920000	28
20220424 225346	0	0	0	1	auto	depthwise	256	0	1	0.0239548366351912	0.598335923107993	7	15	0.0139587435697046	61	12918000	102
20220425 114928	0	0	0	1	auto	depthwise	256	0	1	0.0409072199384064	0.200292720942328	5	2	0.0140094209792622	221	12860000	118
20220425 065956	0	0	0	1	auto	depthwise	256	0	1	0.0817383439888192	0.917333006416087	2	2	0.0140131252361078	151	12849000	111
20220421 183758	0	0	0	1	auto	depthwise	256	0	1	0.0101880194687653	0.986662510758946	10	4	0.020043682228926	414	12831000	87
20220419 143144	0	0	0	1	auto	depthwise	256	0	1	0.0447191750193015	0.973012350443751	6	10	0.01438994234389	183	12790000	19
20220419 145041	0	0	0	1	auto	depthwise	256	0	1	0.140094313611444	0.999767666240578	4	2	0.0123101406426627	108	12789000	22
20220421 140930	0	0	0	1	auto	depthwise	256	0	1	0.0101229677070645	0.990537805888903	10	30	0.018115733627743	369	12776000	81
20220425 065124	0	0	0	1	auto	depthwise	256	0	1	0.0105149192398592	0.512114688587247	10	8	0.0208836730051098	926	12737000	110
20220420 131728	0	0	0	1	auto	depthwise	256	0	1	0.109284984028729	0.735904222720896	5	2	0.0138502621420196	92	12730000	45
20220425 034740	0	0	0	1	auto	depthwise	256	0	1	0.0101942136742176	0.988700526031689	7	16	0.00996019054019959	115	12728000	107
20220421 202609	0	0	0	1	auto	depthwise	256	0	1	0.0100182062012327	0.991986613259736	10	17	0.0180940763043921	244	12711000	88
20220419 164915	0	0	0	1	auto	depthwise	256	0	1	0.0101761077923529	0.968663270579084	5	2	0.0162635955047481	839	12707000	30
20220419 151832	0	0	0	1	auto	depthwise	256	0	1	0.0477601251421788	0.659646438001329	6	3	0.0103685641939474	339	12696000	24
20220421 104251	0	0	0	1	auto	depthwise	256	0	1	0.160600306650608	0.200446624758178	8	2	0.0169889088795629	114	12691000	77
20220422 025432	0	0	0	1	auto	depthwise	256	0	1	0.0101717684776659	0.816009111189073	7	2	0.0223024963249967	2133	12617000	98
20220420 142642	0	0	0	1	auto	depthwise	256	0	1	0.158520893392257	0.391431552783052	10	2	0.0111536538476469	123	12616000	48
20220421 093558	0	0	0	1	auto	depthwise	256	0	1	0.0996087077993106	0.99997227889853	7	30	0.0129362117148256	16	12574000	72
20220425 015059	0	0	0	1	auto	depthwise	256	0	1	0.0131164983345836	0.582565183175104	10	23	0.0202969770695702	398	12556000	105
20220419 132522	0	0	0	1	auto	depthwise	256	0	1	0.108218143748934	0.495986862620339	10	18	0.0167043947886365	36	12533000	15
20220425 122237	0	0	0	1	auto	depthwise	256	0	1	0.0259837930329436	0.20020032295765	7	2	0.0260285541792825	362	12453000	120
20220420 030436	0	0	0	1	auto	depthwise	256	0	1	0.0104258571212749	0.237005313304932	10	21	0.00834000222122687	52	12288000	37
20220419 144454	0	0	0	1	auto	depthwise	256	0	1	0.135840597834778	0.769163010965358	10	11	0.0101828849672361	19	12199000	21
20220420 201422	0	0	0	1	auto	depthwise	256	0	1	0.0100084362112935	0.999462909963958	10	26	0.00862480067509833	94	12153000	54
20220421 114545	0	0	0	1	auto	depthwise	256	0	1	0.181533883793175	0.997886084567243	10	30	0.0137935751139259	9	12149000	79
20220421 213150	0	0	0	1	auto	depthwise	256	0	1	0.0502902676940443	0.991128485588604	10	2	0.0250323580895941	342	12143000	93
20220425 112142	0	0	0	1	auto	depthwise	256	0	1	0.0101060060705643	0.98615720719293	7	17	0.0200007132830857	431	12143000	114
20220420 002829	0	0	0	1	auto	depthwise	256	0	1	0.299810050868789	0.963992145664445	2	2	0.0135136769774666	160	12076000	34
20220421 014308	0	0	0	1	auto	depthwise	256	0	1	0.271224634297603	0.610650538256019	10	4	0.0156352741522938	19	12069000	62
20220419 152848	0	0	0	1	auto	depthwise	256	0	1	0.0811685540529802	0.920785244849672	4	8	0.00834318029047912	5	11844000	25
20220425 002536	0	0	0	1	auto	depthwise	256	0	1	0.0101166062246342	0.999215852916873	4	2	0.0273222542160062	1205	11831000	104
20220419 150353	0	0	0	1	auto	depthwise	256	0	1	0.143869444718299	0.999937268981584	8	14	0.0153576086886865	18	11824000	23
20220420 131245	0	0	0	1	auto	depthwise	256	0	1	0.298769715449455	0.473085997557631	10	30	0.0128001868840266	8	11776000	44
20220425 114447	0	0	0	1	auto	depthwise	256	0	1	0.0141366733622641	0.234155447188766	3	2	0.0323426017853393	630	11580000	117
20220425 112645	0	0	0	1	auto	depthwise	256	0	1	0.156390428396802	0.238458795643865	10	30	0.00833877269326885	19	11514000	115
20220421 202809	0	0	0	1	auto	depthwise	256	0	1	0.202238991188379	0.201614079358123	10	4	0.00833349665961801	29	11348000	89
20220419 102508	0	0	0	1	auto	depthwise	256	0	1	0.183121170684462	0.587885245708749	4	6	0.020434545011085	27	11347000	7
20220422 053835	0	0	0	1	auto	depthwise	256	0	1	0.0104639273076581	0.998081397013672	10	18	0.0263741350888837	314	11325000	100
20220420 114416	0	0	0	1	auto	depthwise	256	0	1	0.0100182499033826	0.619543814239243	10	2	0.029176414284624	901	11213000	40
20220425 053027	0	0	0	1	auto	depthwise	256	0	1	0.0101988735878988	0.995188614840337	7	3	0.00834962780146946	71	11177000	109
20220425 020632	0	0	0	1	auto	depthwise	256	0	1	0.184831991084029	0.998417412476827	10	30	0.0232243453238928	19	11064000	106
20220419 103952	0	0	0	1	auto	depthwise	256	0	1	0.275249390645302	0.381823952123523	6	19	0.00909025102446321	7	10861000	9
20220419 092226	0	0	0	1	auto	depthwise	256	0	1	0.254902945736307	0.344964181659743	9	5	0.0238160429211954	51	10800000	3
20220425 074115	0	0	0	1	auto	depthwise	256	0	1	0.010768339683979	0.999301955786619	7	2	0.0343697180386347	734	10720000	112
20220421 103340	0	0	0	1	auto	depthwise	256	0	1	0.146022808548432	0.99998001246053	0	2	0.0235984345871293	139	10658000	74
20220424 222316	0	0	0	1	auto	depthwise	256	0	1	0.296596868213667	0.666045359860628	2	2	0.0083381435642018	20	10580000	101
20220419 093901	0	0	0	1	auto	depthwise	256	0	1	0.122673524974729	0.786763029778376	2	15	0.0163429004707723	35	10578000	4
20220419 132904	0	0	0	1	auto	depthwise	256	0	1	0.29272482904396	0.801935414345935	6	4	0.0291545204764892	15	10306000	16
20220421 211356	0	0	0	1	auto	depthwise	256	0	1	0.273854612766874	0.999664129502355	0	2	0.0184230822235622	79	10126000	91
20220419 131514	0	0	0	1	auto	depthwise	256	0	1	0.0726249365266412	0.431674571670592	4	3	0.0403630420357028	125	10046000	14
20220419 102008	0	0	0	1	auto	depthwise	256	0	1	0.0616402050319593	0.95411612582393	3	14	0.0326699669468023	93	9948000	6
20220419 090810	0	0	0	1	auto	depthwise	256	0	1	0.269355900237802	0.608833802528679	3	11	0.0305823470334872	4	9448000	1
20220421 114742	0	0	0	1	auto	depthwise	256	0	1	0.133126772331113	0.200463415507521	10	2	0.0393712411591216	80	9395000	80
20220421 211718	0	0	0	1	auto	depthwise	256	0	1	0.299400267246581	0.999956626169212	0	2	0.0357942656963696	42	8886000	92
20220419 103432	0	0	0	1	auto	depthwise	256	0	1	0.133375060386839	0.458152924757451	5	17	0.0359558596363058	29	8873000	8
20220421 103621	0	0	0	1	auto	depthwise	256	0	1	0.2576752366574	0.999047765252212	0	2	0.0499803911020197	16	8695000	75
20220419 094744	0	0	0	1	auto	depthwise	256	0	1	0.167303346809233	0.529518113946542	8	30	0.0345038021885557	9	8317000	5
20220419 133442	0	0	0	1	auto	depthwise	256	0	1	0.14086950936215	0.303946525910869	0	13	0.0116233548489011	4	7943000	17
20220419 104721	0	0	0	1	auto	depthwise	256	0	1	0.202665143788443	0.857712786225602	10	8	0.0489888917184241	23	7546000	10
20220419 135512	0	0	0	1	auto	depthwise	256	0	1	0.0947705713099567	0.89153406733647	7	28	0.04310780732485	25	7504000	18
20220425 121531	0	0	0	1	auto	depthwise	256	0	1	0.0113468743778805	0.248492478599852	0	2	0.0499986680258845	1396	7429000	119
20220419 091910	0	0	0	1	auto	depthwise	256	0	1	0.187462825400638	0.708562422087416	9	25	0.0445291886790074	19	7016000	2
20220419 143547	0	0	0	1	auto	depthwise	256	0	1	0.230954302728642	0.220410624453798	7	21	0.0460910631047833	13	6803000	20
20220419 130936	0	0	0	1	auto	depthwise	256	0	1	0.218171137424768	0.74791400320828	1	22	0.0258220632759427	5	6333000	13
20220419 121702	0	0	0	1	auto	depthwise	256	0	1	0.0143849069216521	0.667925022747368	1	26	0.0392184166586958	158	6063000	11
20220422 003740	0	0	0	1	auto	depthwise	256	0	1	0.0100893615102501	0.974224852130201	0	30	0.0113930591794543	144	3223000	96
20220419 125805	0	0	0	1	auto	depthwise	256	0	1	0.0266994890781352	0.279546436564997	0	27	0.0216270656591708	193	646000	12
